-0.0016015015970045
-0.11668546585114
0.035874362927745
0.03068748322145
-0.094283794317236
0.065438600536817
0.068628063614414
0.071826781409492
0.058082066420898
-0.016972561729086
-0.080807282698692
-0.33396533395689
0.0035621905122287
0.03584456649847
-0.20938413521035
-0.0045248817779844
0.040971030154225
-0.032489862844932
-0.42061236493729
-0.83391574624339
0
0
0
0
0
0
0
0
0
0
0
0
0
0
0
0
0
0
0
0
0
0
0
0
0
0
0
0
0
0
0
0
0
0
0
0
0
0
0
0
0
0
0
0
0
0
0
0
0
0
0
0
0
0
0
0
0
0
0
0
0
0
0
0
0
0
0
0
0
0
0
0
0
0
0
0
0
0
0
0
