-0.006919686352821
-0.020764504899809
-0.07732803855332
0.088933751074223
-0.21893853794254
-0.056989539201857
0.019338821795568
-0.10197738706691
-0.034600648886638
-0.015287502462518
-0.010615633231511
0.016456415150807
0.00029362680761425
0.0043566476785413
-0.19669055659291
0.0043688142465029
0.034396885660673
-0.073999937543291
-0.26941893705584
-0.0012487457439726
-0.017161386756393
0.26815369055903
-0.15004139931196
0.076434987757801
0.041116032390207
0
0
0
0
0
0
0
0
0
0
0
0
0
0
0
0
0
0
0
0
0
0
0
0
0
0
0
0
0
0
0
0
0
0
0
0
0
0
0
0
0
0
0
0
0
0
0
0
0
0
0
0
0
0
0
0
0
0
0
0
0
0
0
0
0
0
0
0
0
0
0
0
0
0
0
