-0.008662584344979
-0.074490863731187
0.038512182728311
0.030928471748384
-0.078634883542267
0.069215565343598
0.048464077606509
0.035327622879604
0.021217007643583
-0.01577324588588
-0.045808573868499
-0.23292639936787
0.0017847933400095
0.01558727313541
-0.23249542363823
0.00092768235829766
0.019517306622705
0.02527674401726
-0.11141921160755
0.016517153979267
-0.11016265559392
-0.21996357936426
0
0
0
0
0
0
0
0
0
0
0
0
0
0
0
0
0
0
0
0
0
0
0
0
0
0
0
0
0
0
0
0
0
0
0
0
0
0
0
0
0
0
0
0
0
0
0
0
0
0
0
0
0
0
0
0
0
0
0
0
0
0
0
0
0
0
0
0
0
0
0
0
0
0
0
0
0
0
