0.032704926453377
-0.049262113071473
-0.15742121523043
0.0368375172956
-0.12984902152722
-0.30273370887939
0.016647801900668
0.00029624517250434
0.0097013846782598
0.00322403724161
0.0072877293696872
0.083341786105535
-0.0004197658542948
-0.0008882639518426
0.18281319709266
-0.0020867832177146
-0.00075396428813763
-0.041080250872545
0.048018820431401
0.001487245528341
0.028760169944245
-0.1175716395035
-0.098149374724858
0.0001401488180412
0.10802768830588
0.016592510546595
-0.21117578417838
0
0
0
0
0
0
0
0
0
0
0
0
0
0
0
0
0
0
0
0
0
0
0
0
0
0
0
0
0
0
0
0
0
0
0
0
0
0
0
0
0
0
0
0
0
0
0
0
0
0
0
0
0
0
0
0
0
0
0
0
0
0
0
0
0
0
0
0
0
0
0
0
0
