0.012621323127497
-0.050715368987293
-0.23728908998978
0.023567784283243
-0.078512315845463
-0.16254483891348
0.034206608502743
0.023030435412176
-0.0049206254698894
-0.0041408506370402
-0.012579138816989
-0.17876088779339
0.00079536391510346
0.0050122084956324
-0.23760180653954
0.00026505897594898
0.011351962864915
-0.041039678841933
-0.11090900108149
0.0037400928952502
0.01162497890649
0.19205016536185
-0.53810452476993
-0.62517250234211
0
0
0
0
0
0
0
0
0
0
0
0
0
0
0
0
0
0
0
0
0
0
0
0
0
0
0
0
0
0
0
0
0
0
0
0
0
0
0
0
0
0
0
0
0
0
0
0
0
0
0
0
0
0
0
0
0
0
0
0
0
0
0
0
0
0
0
0
0
0
0
0
0
0
0
0
