0.043589021268846
-0.20357771238942
-0.41342845339789
-0.057852588287311
0.14046566600992
-0.20363845156915
0.094177141131485
-0.2391058844334
-0.048522782160279
-0.035590951821832
-0.11899238268747
0.85867635883319
0.004482445710013
0.072221322773913
0.072639397308291
0.011146989993979
0.086328158248184
0.041984684578106
4.2927685321986
0
0
0
0
0
0
0
0
0
0
0
0
0
0
0
0
0
0
0
0
0
0
0
0
0
0
0
0
0
0
0
0
0
0
0
0
0
0
0
0
0
0
0
0
0
0
0
0
0
0
0
0
0
0
0
0
0
0
0
0
0
0
0
0
0
0
0
0
0
0
0
0
0
0
0
0
0
0
0
0
0
