0.02373281094035
-0.038430495847049
-0.17970862279339
0.040805004117691
-0.13303350933872
-0.051202107513879
0.011054739030159
0.054429402583374
0.0045340362348858
-0.00072929152701062
-0.013056824433638
-0.028450717808406
-0.00054978389941473
-0.0096807223939171
-0.039493556538623
-0.0041057412916894
-0.029221855014048
0.0099216001004239
0.10608179809662
0.0010507295899034
0.0031065534684672
0.063559382913096
-0.27232179556319
0.084512510812519
-0.22222867314356
0.70364030687782
0
0
0
0
0
0
0
0
0
0
0
0
0
0
0
0
0
0
0
0
0
0
0
0
0
0
0
0
0
0
0
0
0
0
0
0
0
0
0
0
0
0
0
0
0
0
0
0
0
0
0
0
0
0
0
0
0
0
0
0
0
0
0
0
0
0
0
0
0
0
0
0
0
0
