-0.077152063787172
-0.065845459296763
-0.11334090008672
0.038172889726372
-0.040045323721895
0.19450476122901
0.11577561660079
0.11715783231912
-0.024574855112053
-0.021294270765859
-0.028287814875941
-0.16363673721569
0.00044379159549112
0.0013266924954323
-0.31271669040178
0.014801447354837
-0.015992002351026
0.49077422786691
-0.082507044987268
0.0003344193610957
0.054702946248063
0
0
0
0
0
0
0
0
0
0
0
0
0
0
0
0
0
0
0
0
0
0
0
0
0
0
0
0
0
0
0
0
0
0
0
0
0
0
0
0
0
0
0
0
0
0
0
0
0
0
0
0
0
0
0
0
0
0
0
0
0
0
0
0
0
0
0
0
0
0
0
0
0
0
0
0
0
0
0
