0.0026289508240776
-0.06061610516781
0.015157447798483
0.050680409078311
-0.13909581689179
-0.017920524563822
0.032650208701033
0.042905577266287
0.0092587466766671
0.00033640702861439
-0.0032624133934542
-0.011467554794198
-1.0881756594601e-05
-0.0036406914923054
-0.043848362840615
-0.0045176083146153
0.0095907320674276
0.054661601268116
-0.032443392382694
0.006558354492759
0.0049833112013543
0.16833590878462
-0.061694810060528
0.0077825828569502
-0.057590307735445
-0.22376452687627
-0.081247619983303
0.36178052318629
0
0
0
0
0
0
0
0
0
0
0
0
0
0
0
0
0
0
0
0
0
0
0
0
0
0
0
0
0
0
0
0
0
0
0
0
0
0
0
0
0
0
0
0
0
0
0
0
0
0
0
0
0
0
0
0
0
0
0
0
0
0
0
0
0
0
0
0
0
0
0
0
