0.020135499051134
-0.090439902355123
-0.10766210054455
0.020116868226004
-0.04953812672512
0.22955563920961
0.0084901247783961
0.06467914979929
-0.014618181503378
-0.021986226922156
-0.082062015049308
0.17054636189589
-0.0014035612565413
-0.024206134284322
-0.18901761723181
-0.0072550961165325
-0.013317733963327
-0.15175950230901
-0.12630549745821
0.0098124420828128
0.074787635266631
0.2187587486662
2.1914854325171
0
0
0
0
0
0
0
0
0
0
0
0
0
0
0
0
0
0
0
0
0
0
0
0
0
0
0
0
0
0
0
0
0
0
0
0
0
0
0
0
0
0
0
0
0
0
0
0
0
0
0
0
0
0
0
0
0
0
0
0
0
0
0
0
0
0
0
0
0
0
0
0
0
0
0
0
0
