-0.010996949384955
-0.034545528150414
-0.11324806481544
0.024753322545916
-0.061851642458554
0.10027732008845
0.033927643381903
0.053574062555419
0.0036923989827408
-0.0034250882313933
-0.01835445618311
-0.063953517211964
0.00040686667794059
0.0025446659262726
-0.082184581114183
-0.0011777707595104
0.00092697032418736
-0.068034941427549
-0.069982538073717
1.6574469954158e-05
0.0064139606505159
-0.070914081074865
0.0098066776298885
0.02075560226574
0.05637399244059
-0.14642946819078
-0.1953963439131
-0.019676628719806
-0.16480632958336
0
0
0
0
0
0
0
0
0
0
0
0
0
0
0
0
0
0
0
0
0
0
0
0
0
0
0
0
0
0
0
0
0
0
0
0
0
0
0
0
0
0
0
0
0
0
0
0
0
0
0
0
0
0
0
0
0
0
0
0
0
0
0
0
0
0
0
0
0
0
0
