-1
-1
-1
-1
-1
-1
-1
-1
-1
-1
-1
-1
-1
-1
-1
-1
-1
-1
-1
-1
-1
-1
-1
-1
-1
-1
-1
-1
-1
-1
-1
-1
-1
-1
-1
-1
-1
-1
-1
-1
-1
-1
-1
-1
-1
-1
-1
-1
-1
-1
-1
-1
-1
-1
-1
-1
-1
-1
-1
-1
-1
-1
-1
-1
-1
-1
-1
-1
-1
-1
-1
-1
-1
-1
-1
-1
-1
-1
-1
-1
-1
-1
-1
-1
-1
-1
-1
-1
-1
-1
-1
-1
-1
-1
-1
-1
-1
-1
-1
-1
-1
-1
-1
-1
-1
-1
-1
-1
-1
-1
-1
-1
-1
-1
-1
-1
-1
-1
-1
-1
-1
-1
-1
-1
-1
-1
-1
-1
-1
-1
-1
-1
-1
-1
-1
-1
-1
-1
-1
-1
-1
-1
-1
-1
-1.005
-1.2659999999997
-1.802999999999
-1.7129999999991
-1.6419999999992
-1.3529999999996
-1.0899999999999
-1
-1
-1
-1
-1
-1
-1
-1
-1
-1
-1
-1
-1
-1
-1
-1
-1
-1
-1
-1
-1
-1.008
-1.0780000000002
-1.1560000000004
-1.2760000000004
-1.6409999999998
-2.1979999999987
-2.694999999998
-2.6359999999983
-2.1039999999991
-1.4839999999995
-1.0599999999999
-1
-1
-1
-1
-1
-1
-1
-1
-1
-1
-1
-1
-1
-1
-1
-1
-1
-1
-1
-1
-1.1160000000003
-1.0970000000004
-0.68100000000065
0.074999999999532
0.99300000000018
1.754000000001
2.7520000000015
2.8440000000019
3.5400000000012
2.8869999999998
1.2890000000001
-0.92399999999954
-1.1139999999999
-1.1889999999998
-1.1899999999998
-1
-1
-1
-1
-1
-1
-1
-1
-1
-1
-1
-1.0250000000001
-1.1240000000003
-1.1810000000004
-1.3310000000008
-1.409000000001
-1.5360000000012
-1.9830000000011
-0.62800000000125
0.95899999999916
2.4319999999992
4.3999999999993
7.7859999999987
13.368999999999
17.751999999998
16.582999999996
14.325999999995
9.1269999999978
3.6409999999996
-0.51099999999877
-1.7219999999991
-1.3009999999996
-1
-1
-1
-1
-1
-1
-1
-1
-1
-1
-1
-1.2770000000006
-1.6550000000013
-1.7670000000013
-1.8900000000009
-2.1590000000011
-2.5930000000012
-0.47400000000135
1.4749999999985
2.3469999999981
3.958999999998
5.0139999999985
12.009999999998
16.442999999998
19.266999999997
19.855999999996
18.410999999994
12.631999999996
5.5289999999987
1.1070000000007
-2.2939999999984
-2.2209999999989
-1.5539999999997
-1.0639999999999
-1
-1
-1
-1
-1
-1
-1
-1
-1
-1.6530000000006
-2.2060000000007
-2.4800000000009
-2.6960000000009
-2.8540000000008
-1.2370000000003
-0.099000000001111
0.7479999999989
3.6629999999985
5.2259999999998
10.851
14.402
15.519
17.606999999998
17.891999999997
16.197999999997
18.271999999997
12.424999999998
3.0849999999992
-2.0889999999996
-2.3809999999992
-1.7639999999998
-1.4509999999997
-1
-1
-1
-1
-1
-1
-1
-1
-1
-1.6550000000002
-2.4120000000004
-2.6959999999999
-2.6790000000002
-1.078
0.57900000000031
1.2379999999993
2.7739999999994
7.3890000000008
8.2930000000035
12.840000000003
14.295000000002
14.618000000001
15.49
15.676999999998
11.347999999998
15.333999999998
16.589999999998
5.6359999999994
-2.0499999999996
-2.2169999999991
-1.6339999999997
-1.5959999999997
-1
-1
-1
-1
-1
-1
-1
-1.078
-1
-1.3539999999999
-1.8490000000003
-2.4129999999999
-0.64799999999967
0.4200000000001
3.78
4.359
5.7880000000018
10.850000000003
14.099000000004
15.939000000002
14.652000000001
11.528999999999
12.215999999999
10.607999999999
7.6799999999985
12.761999999997
17.275999999998
9.7479999999994
0.68500000000048
-1.7499999999995
-1.2609999999997
-1.1879999999998
-1
-1
-1
-1
-1
-1
-1
-1.009
-1
-1.2659999999997
-1.5799999999997
-1.3519999999998
0.24300000000018
1.1659999999995
3.3019999999991
8.3489999999989
11.378000000002
12.918000000005
15.641000000003
15.938
11.779999999998
7.8569999999998
3.7189999999999
2.6350000000005
5.7139999999993
13.134999999997
18.349999999997
13.553999999998
2.9260000000004
0.46200000000064
-1.0519999999999
-1
-1
-1
-1
-1
-1
-1
-1
-1
-1
-1.1199999999999
-1.3199999999997
0.29700000000041
0.51000000000049
2.6759999999989
4.2499999999993
9.379
10.774000000003
14.094000000004
12.836000000003
7.1500000000011
3.9379999999999
-0.062999999998276
-4.7259999999966
-3.836999999996
1.9320000000017
10.360999999998
19.018999999996
14.618999999998
6.6049999999992
1.2180000000004
-0.48699999999993
-1
-1
-1
-1
-1
-1
-1
-1
-1
-1
-1.1589999999998
-1.3719999999995
0.5250000000007
1.0940000000002
4.2329999999991
7.5089999999999
14.519999999999
14.454000000002
8.6030000000034
6.8210000000026
1.2970000000022
-2.9089999999984
-7.8619999999954
-9.5619999999935
-6.0129999999946
1.7730000000022
7.697999999999
19.231999999997
14.851999999997
7.8939999999985
2.402
0.53000000000021
-1
-1
-1
-1
-1
-1
-1
-1
-1
-1
-1.1589999999998
-1.4829999999994
0.63500000000077
2.7919999999992
6.6939999999984
11.653999999999
14.393999999999
11
6.2640000000001
3.1130000000001
-5.8189999999974
-9.3139999999959
-12.121999999993
-13.116999999993
-9.6059999999942
2.566000000001
9.7869999999988
19.694999999997
17.416999999997
9.9189999999982
2.5049999999995
0.78200000000025
-1
-1
-1
-1
-1
-1
-1
-1
-1
-1
-1.1589999999998
-1.5079999999994
0.8080000000007
5.4169999999985
10.215999999998
15.325999999997
11.618999999999
8.2569999999989
3.227999999999
-5.4549999999977
-10.884999999995
-13.118999999995
-14.516999999994
-14.152999999993
-8.0159999999953
2.0570000000009
10.052999999998
16.744999999997
15.502999999998
7.801999999999
1.7749999999999
1.0880000000006
-1.039
-1
-1
-1
-1
-1
-1
-1
-1
-1
-1.1499999999998
-1.5069999999994
1.6090000000006
9.2909999999986
13.830999999997
18.708999999997
11.933999999998
7.4939999999988
-1.4799999999989
-7.7889999999962
-13.030999999994
-14.089999999994
-14.729999999994
-12.995999999995
-5.5679999999975
1.3039999999993
8.4749999999982
14.450999999998
10.563999999999
7.683999999999
1.9330000000002
0.94300000000075
-1.1599999999998
-1
-1
-1
-1
-1
-1
-1
-1
-1
-1
-1.2919999999996
2.9799999999999
10.481999999999
17.884999999996
19.038999999996
10.317999999999
6.1349999999994
-0.93499999999816
-6.9259999999955
-11.752999999993
-13.069999999992
-13.069999999992
-10.795999999994
-5.5459999999984
2.8279999999983
10.166999999998
12.368999999998
11.143999999998
6.6789999999981
2.4269999999996
1.2620000000004
-1
-1
-1
-1
-1
-1
-1
-1
-1
-1
-1
-0.43300000000015
3.946999999999
10.332999999999
18.378999999996
18.170999999996
12.207999999998
4.7040000000009
-0.21399999999721
-4.8799999999951
-10.675999999993
-12.504999999992
-11.149999999992
-7.1439999999942
-1.8249999999995
6.1379999999981
11.878999999998
11.394999999998
9.4109999999975
5.0319999999984
2.2989999999997
1.2460000000004
-1
-1
-1
-1
-1
-1
-1
-1
-1
-1
-1
0.070999999999715
4.8729999999984
10.175999999998
21.087999999996
18.763999999997
8.4699999999999
1.1350000000029
-2.681999999996
-4.7019999999956
-9.392999999994
-11.225999999992
-8.4659999999924
-2.9959999999953
6.4199999999995
13.375999999997
12.003999999996
7.4839999999968
4.7659999999978
1.5459999999987
2.4609999999996
0.50100000000038
-1
-1
-1
-1
-1
-1
-1
-1
-1
-1
-1
-0.34300000000017
3.6319999999985
8.2179999999979
19.056999999996
20.311999999997
10.469
1.819000000003
-3.3669999999958
-7.8699999999944
-9.1009999999932
-7.9759999999925
-3.224999999994
2.8870000000027
12.041999999998
12.297999999996
9.216999999995
5.2009999999969
2.783999999998
0.50599999999889
2.4969999999999
-0.010999999999813
-1
-1
-1
-1
-1
-1
-1
-1
-1
-1
-1
-0.40900000000033
2.1619999999985
6.0629999999973
14.610999999995
18.728999999997
13.246
6.3870000000019
0.55500000000358
-4.1799999999946
-1.8849999999946
0.56900000000464
6.0880000000019
11.184
13.105999999996
9.220999999995
4.7029999999955
4.074999999997
1.4339999999987
1.7609999999997
0.94900000000009
-1.1159999999999
-1
-1
-1
-1
-1
-1
-1
-1
-1
-1
-1
-0.42300000000037
1.4619999999982
3.2429999999978
12.987999999995
18.066999999995
17.514999999998
14.553000000001
10.113000000002
8.2030000000029
7.1270000000023
8.7830000000005
11.607999999998
13.647999999996
9.3059999999952
4.5779999999955
4.917999999996
3.0779999999981
2.3999999999997
0.62000000000047
-0.98299999999969
-1.2369999999997
-1
-1
-1
-1
-1
-1
-1
-1
-1
-1
-1
-0.52200000000034
1.2569999999983
2.2489999999981
7.3259999999977
14.228999999996
17.488999999996
17.453999999998
17.038999999999
17.122999999998
17.853999999997
17.456999999996
15.853999999995
13.647999999995
7.3609999999975
6.1609999999971
3.6309999999977
2.2859999999989
-0.55100000000053
-1.1080000000005
-1.0660000000002
-1
-1
-1
-1
-1
-1
-1
-1
-1
-1
-1
-1
-1.104
-0.67400000000042
0.96999999999892
2.8309999999983
6.4669999999985
12.431999999999
14.675
16.789999999998
16.556999999997
15.483999999996
15.269999999996
9.3509999999973
6.7019999999981
5.5499999999979
3.8509999999981
1.3689999999989
-0.82700000000092
-1.6140000000006
-1.2170000000005
-1.2350000000006
-1
-1
-1
-1
-1
-1
-1
-1
-1
-1
-1
-1
-1.1359999999998
-1.2529999999997
-0.72800000000011
2.1369999999989
0.87599999999972
-0.46199999999842
0.84300000000223
6.908
8.4229999999992
5.6019999999993
5.1379999999987
2.3719999999993
0.23999999999939
0.31599999999868
-0.11300000000081
-0.87099999999996
-1.2399999999998
-1.135
-1.0230000000001
-1.0990000000002
-1
-1
-1
-1
-1
-1
-1
-1
-1
-1
-1
-1
-1
-1
-1.0669999999999
-1.6709999999992
-2.5709999999981
-3.3499999999971
-3.1619999999977
-2.1309999999988
-2.3949999999985
-2.7459999999985
-2.4329999999989
-1.806999999999
-1.5939999999993
-1.2309999999997
-1.1399999999998
-1.017
-1.003
-1
-1
-1
-1
-1
-1
-1
-1
-1
-1
-1
-1
-1
-1
-1
-1
-1.01
-1.3849999999995
-1.9089999999989
-2.2399999999985
-1.9439999999988
-1.6099999999992
-1.2909999999996
-1.8609999999992
-2.1369999999991
-1.8279999999991
-1.4289999999995
-1.1669999999998
-1.2519999999997
-1.0419999999999
-1
-1
-1
-1
-1
-1
-1
-1
-1
-1
-1
-1
-1
-1
-1
-1
-1
-1
-1.1769999999998
-1.3539999999996
-1.2489999999997
-1.0429999999999
-1
-1
-1
-1
-1
-1
-1
-1
-1
-1
-1
-1
-1
-1
-1
-1
-1
-1
-1
-1
-1
-1
-1
-1
-1
-1
-1
-1
-1
-1
-1
-1
-1
-1
-1
-1
-1
-1
-1
-1
-1
-1
-1
-1
-1
-1
-1
-1
-1
-1
-1
-1
-1
-1
-1
-1
-1
-1
-1
-1
-1
-1
-1
-1
-1
-1
-1
-1
-1
-1
-1
-1
-1
-1
-1
-1
-1
-1
-1
-1
-1
-1
-1
-1
-1
-1
-1
-1
-1
-1
-1
-1
-1
-1
-1
-1
-1
-1
-1
-1
-1
-1
-1
-1
-1
-1
-1
-1
-1
-1
-1
-1
-1
-1
-1
-1
-1
-1
-1
-1
-1
-1
-1
-1
-1
-1
-1
-1
-1
-1
-1
-1
-1
-1
-1
-1
-1
-1
-1
-1
-1
-1
-1
-1
-1
-1
-1
-1
-1
-1
-1
-1
-1
-1
-1
-1
-1
-1
-1
-1
-1
-1
-1
-1
-1
-1
-1
-1
-1
-1
-1
-1
-1
-1
-1
-1
-1
-1
-1
-1
-1
-1
-1
-1
-1
-1
-1
-1
-1
-1
-1
-1
-1
-1
-1
-1
-1
-1
-1
-1
-1
-1
-1
-1
-1
-1
-1
-1
-1
-1
-1
-1
-1
-1
-1
-1
-1
-1
-1
-1
-1
-1
-1
-1
-1
-1
-1
-1
-1
-1.005
-1.2659999999997
-1.802999999999
-1.7129999999991
-1.6419999999992
-1.3529999999996
-1.0899999999999
-1
-1
-1
-1
-1
-1
-1
-1
-1
-1
-1
-1
-1
-1
-1
-1
-1
-1
-1
-1
-1
-1.008
-1.0780000000002
-1.1560000000004
-0.63600000000042
0.2690000000002
0.16200000000133
-0.474999999998
-2.0859999999983
-2.1039999999991
-1.4839999999995
-1.0599999999999
-1
-1
-1
-1
-1
-1
-1
-1
-1
-1
-1
-1
-1
-1
-1
-1
-1
-1
-1
-1
-1.1160000000003
-1.1770000000004
-1.4410000000006
0.15499999999953
4.1330000000002
1.334000000001
0.18200000000149
0.10400000000186
-0.079999999998753
-1.2230000000002
0.56900000000008
0.68600000000046
-1.1139999999999
-1.1889999999998
-1.1899999999998
-1
-1
-1
-1
-1
-1
-1
-1
-1
-1
-1
-1.0250000000001
-1.1240000000003
-1.1810000000004
-1.3310000000008
-1.409000000001
-1.5360000000012
-2.1130000000011
-2.0580000000012
-3.0310000000008
2.0519999999992
3.8799999999993
3.2659999999987
-0.26100000000127
-2.1580000000024
2.3729999999959
3.1159999999953
5.3869999999978
2.6709999999996
-2.0109999999988
-1.7619999999991
-1.3009999999996
-1
-1
-1
-1
-1
-1
-1
-1
-1
-1
-1
-1.2770000000006
-1.6550000000013
-1.7670000000013
-1.8900000000009
-2.1590000000011
-2.7430000000012
-3.8540000000013
-4.5350000000015
-3.7430000000019
-1.051000000002
1.9439999999985
0.34999999999816
-3.137000000002
-1.6930000000035
0.59599999999558
4.1309999999941
4.3519999999959
1.0489999999987
-3.2529999999993
-3.1439999999984
-2.2209999999989
-1.5539999999997
-1.0639999999999
-1
-1
-1
-1
-1
-1
-1
-1
-1
-1.6530000000006
-2.2060000000007
-2.4800000000009
-2.6960000000009
-3.1440000000008
-4.5470000000003
-5.2890000000011
-4.6920000000011
-5.4970000000015
-4.2940000000002
-1.4789999999999
0.12200000000016
-2.5710000000001
-0.64300000000155
-0.66800000000284
1.5179999999967
0.12199999999651
-3.3650000000015
-4.9950000000008
-3.5589999999996
-2.3809999999992
-1.7639999999998
-1.4509999999997
-1
-1
-1
-1
-1
-1
-1
-1
-1
-1.6550000000002
-2.4120000000004
-2.6959999999999
-2.9690000000002
-3.818
-4.8209999999997
-5.0020000000007
-5.7960000000006
-7.3809999999992
-8.1069999999965
-2.2299999999968
2.6850000000021
1.1280000000008
2.6700000000003
2.2369999999985
0.23799999999789
-4.6360000000023
-10.170000000002
-7.4040000000006
-3.5199999999996
-2.2169999999991
-1.6339999999997
-1.5959999999997
-1
-1
-1
-1
-1
-1
-1
-1.078
-1
-1.3539999999999
-1.8490000000003
-2.4129999999999
-2.9079999999997
-3.3099999999999
-3.82
-4.681
-5.5019999999982
-8.9899999999967
-8.7109999999962
-0.79099999999782
8.072000000001
7.9889999999995
8.3959999999989
3.3779999999992
-0.8000000000015
-8.1280000000026
-11.584000000002
-7.4520000000006
-3.1649999999995
-1.7499999999995
-1.2609999999997
-1.1879999999998
-1
-1
-1
-1
-1
-1
-1
-1.009
-1
-1.2659999999997
-1.5799999999997
-1.9219999999998
-2.3169999999998
-2.8440000000005
-3.6980000000009
-5.9410000000011
-8.5719999999978
-11.071999999995
-8.3589999999965
3.1380000000002
12.179999999998
17.307
11.679
3.8150000000005
-5.0660000000007
-11.115000000003
-10.820000000003
-6.3960000000021
-2.6439999999996
-1.5179999999994
-1.0519999999999
-1
-1
-1
-1
-1
-1
-1
-1
-1
-1
-1.1199999999999
-1.3199999999997
-1.9629999999996
-2.2799999999995
-2.9640000000011
-3.5400000000007
-6.001
-7.8059999999968
-10.305999999996
-9.5539999999971
4.9400000000011
13.838
20.407000000002
10.344000000003
0.58300000000398
-8.8779999999984
-11.819000000002
-9.7210000000036
-5.4910000000024
-2.6250000000008
-1.3319999999996
-1.0569999999999
-1
-1
-1
-1
-1
-1
-1
-1
-1
-1
-1.1589999999998
-1.3719999999995
-2.0249999999993
-2.2359999999998
-2.0470000000009
-3.2310000000001
-5.6400000000008
-9.0259999999984
-11.316999999997
-10.668999999997
4.5270000000022
18.001000000002
18.568000000005
6.4880000000065
-3.9129999999946
-10.836999999998
-10.482000000001
-8.2180000000033
-4.7380000000028
-2.5560000000015
-1.378
-1.1699999999998
-1
-1
-1
-1
-1
-1
-1
-1
-1
-1
-1.1589999999998
-1.4829999999994
-1.9149999999992
-2.7780000000008
-4.1860000000016
-5.3760000000013
-7.8260000000006
-10.36
-11.276
-8.4769999999999
11.221000000003
18.636000000004
16.248000000007
1.1630000000074
-8.5159999999942
-11.273999999999
-8.6030000000012
-7.4950000000029
-4.9630000000033
-2.7110000000018
-1.4250000000005
-1.1979999999998
-1
-1
-1
-1
-1
-1
-1
-1
-1
-1
-1.1589999999998
-1.5079999999994
-1.7419999999993
-2.7230000000015
-4.2440000000024
-6.0540000000028
-8.1510000000009
-9.5130000000011
-10.082000000001
-4.2749999999977
14.995000000005
18.761000000005
12.943000000006
-4.112999999993
-8.0759999999953
-10.432999999999
-8.3370000000023
-7.5950000000026
-5.1070000000023
-2.668000000001
-1.7150000000001
-1.4619999999994
-1.039
-1
-1
-1
-1
-1
-1
-1
-1
-1
-1.1499999999998
-1.5069999999994
-2.0009999999994
-3.3090000000014
-4.859000000003
-7.3010000000034
-9.1860000000015
-10.156000000001
-7.8999999999989
2.2610000000038
17.449000000006
18.840000000006
7.9100000000062
-6.2159999999948
-8.9579999999975
-9.6060000000008
-9.0850000000018
-7.889000000002
-4.9360000000008
-2.886000000001
-2.0869999999998
-1.6069999999992
-1.1599999999998
-1
-1
-1
-1
-1
-1
-1
-1
-1
-1
-1.2919999999996
-2.0800000000001
-3.4280000000011
-5.3150000000036
-7.7110000000037
-8.9920000000013
-9.4150000000006
-2.4949999999982
5.9540000000045
18.217000000007
17.680000000008
4.5200000000075
-5.0159999999938
-8.8559999999984
-9.3420000000017
-8.813000000002
-7.3410000000016
-4.826000000002
-2.4810000000019
-1.5730000000004
-1.2879999999996
-1
-1
-1
-1
-1
-1
-1
-1
-1
-1
-1
-1.0630000000002
-1.783000000001
-3.1770000000012
-5.8610000000035
-7.6190000000035
-7.972000000002
-6.6159999999991
2.4960000000028
8.7400000000049
19.364000000007
13.895000000008
2.2600000000077
-4.0739999999942
-7.7249999999995
-7.1620000000019
-6.0610000000022
-5.5050000000018
-4.3290000000025
-2.3680000000016
-1.4610000000003
-1.3039999999996
-1
-1
-1
-1
-1
-1
-1
-1
-1
-1
-1
-1.1190000000003
-1.7570000000016
-3.5340000000018
-6.3220000000043
-7.3460000000032
-7.3700000000001
-0.68499999999709
7.078000000004
12.908000000004
17.487000000006
10.744000000008
0.59400000000758
-3.8459999999953
-6.1900000000005
-6.6940000000032
-4.8760000000036
-1.9860000000032
-3.1540000000022
-2.6340000000013
-1.8790000000004
-1.4789999999996
-1
-1
-1
-1
-1
-1
-1
-1
-1
-1
-1
-1.0730000000002
-1.9680000000015
-3.8420000000021
-5.9930000000038
-6.828000000003
-5.2010000000003
4.499000000003
10.513000000004
14.830000000006
12.999000000007
7.8540000000075
1.505000000006
-1.8129999999973
-4.6680000000017
-5.0120000000039
-1.353000000005
-0.4790000000031
-2.086000000002
-2.5040000000011
-1.6930000000001
-1.1509999999998
-1
-1
-1
-1
-1
-1
-1
-1
-1
-1
-1
-1.1390000000003
-2.2180000000015
-3.8470000000027
-4.859000000005
-5.8110000000035
-2.1840000000004
5.0070000000019
10.235000000004
10.860000000005
4.6950000000054
2.6990000000046
-2.0019999999982
-5.0060000000003
-4.0940000000037
-4.129000000005
-2.5570000000045
-2.195000000003
-2.5960000000013
-2.2090000000003
-1.4809999999999
-1.1159999999999
-1
-1
-1
-1
-1
-1
-1
-1
-1
-1
-1
-1.1530000000004
-2.2280000000018
-2.6270000000022
-3.9520000000047
-5.3030000000049
0.83499999999817
4.9330000000007
7.0130000000025
3.5330000000029
-1.2129999999977
-1.5069999999995
-3.7020000000018
-5.432000000004
-4.5640000000048
-5.4420000000045
-4.112000000004
-3.2920000000019
-2.8300000000003
-1.7799999999995
-1.2729999999997
-1.2369999999997
-1
-1
-1
-1
-1
-1
-1
-1
-1
-1
-1
-1.1420000000003
-1.9230000000017
-2.5110000000019
-3.0340000000023
-3.511000000004
2.4389999999964
3.8139999999979
3.5189999999994
-1.3370000000016
-3.2260000000029
-2.483000000004
-2.3860000000053
-4.5920000000048
-4.0790000000025
-4.1090000000029
-3.2490000000023
-2.5140000000011
-2.1010000000005
-1.4080000000005
-1.0660000000002
-1
-1
-1
-1
-1
-1
-1
-1
-1
-1
-1
-1
-1.104
-1.5040000000004
-2.3700000000011
-3.7790000000017
-3.5130000000015
3.5419999999988
4.6249999999997
0.24999999999804
-5.9530000000032
-4.1960000000037
-2.2700000000038
-0.82900000000269
-2.5380000000019
-1.7600000000021
-2.5790000000019
-2.2910000000011
-1.7870000000009
-1.6140000000006
-1.2170000000005
-1.2350000000006
-1
-1
-1
-1
-1
-1
-1
-1
-1
-1
-1
-1
-1.1359999999998
-1.2529999999997
-1.4980000000001
-2.7630000000011
-3.7440000000003
1.4580000000016
2.1430000000022
-0.51200000000002
-4.5570000000008
-2.9880000000007
-0.42200000000126
-0.79800000000071
-3.0400000000006
-2.7440000000013
-2.2230000000008
-1.601
-1.2399999999998
-1.135
-1.0230000000001
-1.0990000000002
-1
-1
-1
-1
-1
-1
-1
-1
-1
-1
-1
-1
-1
-1
-1.0669999999999
-1.6709999999992
-2.5709999999981
-3.3499999999971
-3.1619999999977
-2.1309999999988
-2.3949999999985
-2.7459999999985
-2.4329999999989
-1.806999999999
-1.5939999999993
-1.2309999999997
-1.1399999999998
-1.017
-1.003
-1
-1
-1
-1
-1
-1
-1
-1
-1
-1
-1
-1
-1
-1
-1
-1
-1.01
-1.3849999999995
-1.9089999999989
-2.2399999999985
-1.9439999999988
-1.6099999999992
-1.2909999999996
-1.8609999999992
-2.1369999999991
-1.8279999999991
-1.4289999999995
-1.1669999999998
-1.2519999999997
-1.0419999999999
-1
-1
-1
-1
-1
-1
-1
-1
-1
-1
-1
-1
-1
-1
-1
-1
-1
-1
-1.1769999999998
-1.3539999999996
-1.2489999999997
-1.0429999999999
-1
-1
-1
-1
-1
-1
-1
-1
-1
-1
-1
-1
-1
-1
-1
-1
-1
-1
-1
-1
-1
-1
-1
-1
-1
-1
-1
-1
-1
-1
-1
-1
-1
-1
-1
-1
-1
-1
-1
-1
-1
-1
-1
-1
-1
-1
-1
-1
-1
-1
-1
-1
-1
-1
-1
-1
-1
-1
-1
-1
-1
-1
-1
-1
-1
-1
-1
-1
-1
-1
-1
-1
-1
-1
-1
-1
-1
-1
-1
-1
-1
-1
-1
-1
-1
-1
-1
-1
-1
-1
-1
-1
-1
-1
-1
-1
-1
-1
-1
-1
-1
-1
-1
-1
-1
-1
-1
-1
-1
-1
-1
-1
-1
-1
-1
-1
-1
-1
-1
-1
-1
-1
-1
-1
-1
-1
-1
-1
-1
-1
-1
-1
-1
-1
-1
-1
-1
-1
-1
-1
-1
-1
-1
-1
-1
-1
-1
-1
-1
-1
-1
-1
-1
-1
-1
-1
-1
-1
-1
-1
-1
-1
-1
-1
-1
-1
-1
-1
-1
-1
-1
-1
-1
-1
-1
-1
-1
-1
-1
-1
-1
-1
-1
-1
-1
-1
-1
-1
-1
-1
-1
-1
-1
-1
-1
-1
-1
-1
-1
-1
-1
-1
-1
-1
-1
-1
-1
-1
-1
-1
-1
-1
-1
-1
-1
-1
-1
-1
-1
-1
-1
-1
-1
-1
-1
-1
-1
-1
-1
-1.005
-1.2659999999997
-1.802999999999
-1.7129999999991
-1.6419999999992
-1.3529999999996
-1.0899999999999
-1
-1
-1
-1
-1
-1
-1
-1
-1
-1
-1
-1
-1
-1
-1
-1
-1
-1
-1
-1
-1
-0.92800000000002
-0.29800000000019
0.40399999999963
0.81399999999958
0.0090000000001953
-1.7679999999987
-2.584999999998
-2.6359999999983
-2.1039999999991
-1.4839999999995
-1.0599999999999
-1
-1
-1
-1
-1
-1
-1
-1
-1
-1
-1
-1
-1
-1
-1
-1
-1
-1
-1
-1
0.043999999999722
0.39299999999962
1.0789999999994
1.4549999999995
0.98300000000018
0.72400000000101
0.67200000000149
-1.0759999999981
-3.0399999999988
-2.5330000000002
-1.9709999999999
-1.5539999999995
-1.1139999999999
-1.1889999999998
-1.1899999999998
-1
-1
-1
-1
-1
-1
-1
-1
-1
-1
-1
-1.0250000000001
-1.1240000000003
-0.38100000000043
0.55899999999921
1.130999999999
1.0139999999988
4.0069999999989
4.4119999999988
5.2689999999992
4.5119999999992
2.7899999999993
0.90599999999873
0.21899999999873
-0.99800000000235
-2.3570000000041
-3.4840000000047
-3.3430000000022
-3.2990000000004
-2.6109999999988
-1.7619999999991
-1.3009999999996
-1
-1
-1
-1
-1
-1
-1
-1
-1
-1
-1
-1.2770000000006
-0.85500000000132
0.65299999999874
1.0299999999991
1.4509999999989
2.4569999999988
5.2859999999987
6.6249999999985
6.3169999999981
4.678999999998
1.9039999999985
0.25999999999816
1.162999999998
2.2469999999965
2.5159999999956
-1.2490000000059
-3.3780000000041
-3.5710000000013
-3.6029999999993
-2.6939999999984
-2.2209999999989
-1.5539999999997
-1.0639999999999
-1
-1
-1
-1
-1
-1
-1
-1
-1
-1.6530000000006
-1.1960000000007
0.49999999999912
1.9539999999991
2.9959999999992
3.0529999999997
5.7309999999989
4.7579999999989
2.4429999999985
-0.24400000000018
-3.3189999999999
-6.5979999999998
-5.8810000000001
-1.1730000000015
0.38199999999716
-0.4920000000033
-3.8480000000035
-5.0750000000015
-3.5050000000008
-2.4989999999996
-2.3809999999992
-1.7639999999998
-1.4509999999997
-1
-1
-1
-1
-1
-1
-1
-1
-1
-1.6550000000002
0.097999999999566
2.1640000000001
2.1009999999998
2.222
2.2290000000003
3.6179999999993
2.4039999999994
-1.6409999999992
-6.7269999999965
-10.589999999997
-10.544999999998
-9.4419999999992
-7.4299999999997
-3.6130000000015
0.21799999999789
-3.4960000000023
-4.9800000000018
-3.1440000000006
-2.2899999999996
-2.2169999999991
-1.6339999999997
-1.5959999999997
-1
-1
-1
-1
-1
-1
-1
-1.078
-1
-1.3539999999999
-0.62900000000031
1.0370000000001
0.54200000000033
-0.5599999999999
-2.33
-1.421
-2.6419999999982
-5.8599999999967
-8.6209999999962
-9.3709999999978
-8.677999999999
-7.4110000000005
-7.3540000000011
-4.4820000000008
0.8399999999985
-3.6680000000026
-4.604000000002
-2.5020000000006
-1.8649999999995
-1.7499999999995
-1.2609999999997
-1.1879999999998
-1
-1
-1
-1
-1
-1
-1
-1.009
-1
-1.2659999999997
-1.5799999999997
-1.9219999999998
-2.3169999999998
-2.8440000000005
-3.6180000000009
-4.1210000000011
-6.4119999999978
-9.5919999999952
-10.518999999997
-9.0819999999998
-7.900000000002
-6.7330000000002
-4.3810000000001
-1.4049999999995
-0.54600000000075
-1.9350000000027
-3.010000000003
-2.7560000000021
-1.3539999999996
-1.5179999999994
-1.0519999999999
-1
-1
-1
-1
-1
-1
-1
-1
-1
-1
-1.1199999999999
-1.3199999999997
-1.9629999999996
-2.3999999999995
-3.5540000000011
-4.5200000000007
-7.251
-8.8959999999968
-12.265999999996
-12.323999999997
-11.229999999999
-7.6020000000001
-5.9329999999983
-5.6559999999966
-4.486999999996
-2.1379999999984
-0.56900000000161
-1.8710000000036
-2.0910000000024
-0.63500000000085
-1.3319999999996
-1.0569999999999
-1
-1
-1
-1
-1
-1
-1
-1
-1
-1
-1.1589999999998
-1.3719999999995
-2.0249999999993
-2.6459999999998
-4.2070000000009
-5.7710000000001
-8.1800000000008
-11.415999999998
-12.846999999997
-11.348999999997
-8.7229999999978
-5.7189999999984
-7.4919999999954
-8.5519999999935
-6.1329999999946
-3.2169999999978
-0.67200000000101
-2.0880000000033
-1.5780000000028
-1.6860000000015
-1.378
-1.1699999999998
-1
-1
-1
-1
-1
-1
-1
-1
-1
-1
-1.1589999999998
-1.4829999999994
-1.9149999999992
-2.7780000000008
-4.2560000000016
-5.8160000000013
-8.2660000000006
-10.66
-10.816
-7.5869999999999
-5.1289999999974
-6.6339999999959
-8.5719999999935
-9.4469999999926
-5.9059999999942
-2.583999999999
-0.40300000000117
-2.3850000000029
-2.3630000000033
-2.4910000000018
-1.4250000000005
-1.1979999999998
-1
-1
-1
-1
-1
-1
-1
-1
-1
-1
-1.1589999999998
-1.5079999999994
-1.7419999999993
-2.7230000000015
-4.2440000000024
-6.0540000000028
-8.1010000000009
-8.8530000000011
-6.352000000001
-3.1749999999977
-4.1649999999953
-6.1989999999947
-8.5069999999936
-8.062999999993
-4.1059999999953
-3.0829999999991
-2.7870000000023
-2.5550000000026
-3.0270000000023
-2.468000000001
-1.0450000000001
-0.22199999999943
-0.64899999999995
-1
-1
-1
-1
-1
-1
-1
-1
-1
-1.1499999999998
-1.5069999999994
-2.0009999999994
-3.3090000000014
-4.839000000003
-6.3310000000034
-6.1360000000015
-3.0860000000012
0.73000000000113
-0.12899999999624
-3.7909999999939
-7.5099999999938
-8.4399999999938
-5.0559999999948
-1.2579999999975
0.093999999999251
-0.87500000000184
-2.439000000002
-2.2360000000008
-0.63600000000097
0.4530000000002
0.80300000000075
0.4400000000002
-1
-1
-1
-1
-1
-1
-1
-1
-1
-1
-1.2919999999996
-2.0800000000001
-3.4280000000011
-4.2250000000036
-3.8510000000037
-1.4420000000013
0.20499999999935
1.6050000000018
-0.58599999999554
-5.9429999999929
-7.259999999992
-3.3899999999925
-1.5259999999938
0.40400000000161
0.76799999999832
0.016999999997958
-1.8310000000016
-1.196000000002
-1.2110000000019
-1.0530000000004
-0.95799999999964
-1
-1
-1
-1
-1
-1
-1
-1
-1
-1
-1
-1.0630000000002
-1.783000000001
-3.0370000000012
0.078999999996492
2.0909999999965
2.907999999998
3.5040000000008
1.6060000000028
-1.0699999999951
-3.415999999993
-3.2349999999919
-1.4899999999923
0.22600000000585
-0.12499999999949
-2.7720000000019
-3.6610000000022
-1.9150000000018
-0.45900000000249
-1.6180000000016
-0.97100000000028
-0.81399999999962
-1
-1
-1
-1
-1
-1
-1
-1
-1
-1
-1
-1.1190000000003
-1.7270000000016
0.93599999999816
3.5179999999957
2.5939999999968
2.3899999999999
0.65500000000291
-0.99199999999597
-3.7019999999956
-4.992999999994
-6.1759999999923
-3.2259999999924
-2.6659999999953
-4.6000000000005
-6.6240000000032
-3.6360000000036
0.82399999999682
3.0559999999978
3.8159999999987
2.5709999999996
1.3310000000004
-1
-1
-1
-1
-1
-1
-1
-1
-1
-1
-1
-1.0730000000002
-0.43800000000147
4.2579999999979
3.6369999999962
-0.81800000000296
-0.89100000000027
-2.020999999997
-0.43699999999581
-2.0299999999944
-5.5109999999932
-4.8159999999925
-4.374999999994
-4.5729999999973
-5.9380000000017
-5.1720000000039
-2.023000000005
-0.2890000000031
2.263999999998
4.1359999999989
1.0469999999999
-0.78099999999981
-1
-1
-1
-1
-1
-1
-1
-1
-1
-1
-1
-1.1390000000003
0.21199999999847
3.3529999999973
3.030999999995
-1.2110000000035
-2.0340000000004
1.4570000000019
1.0850000000036
-0.049999999994586
-0.91499999999462
-2.8809999999954
-4.3919999999982
-4.6360000000003
-5.0240000000037
-3.159000000005
0.33299999999552
-0.44500000000296
1.1639999999987
2.2009999999997
0.89900000000009
0.044000000000144
-1
-1
-1
-1
-1
-1
-1
-1
-1
-1
-1
-1.1530000000004
-0.15800000000184
1.6329999999978
2.7079999999953
0.39699999999507
-1.5450000000018
-0.91699999999929
-1.3969999999975
-1.8269999999971
-1.1029999999977
-1.6369999999995
-2.8220000000018
-1.202000000004
0.085999999995246
2.4679999999955
2.637999999996
1.9079999999981
1.0299999999997
1.7600000000005
1.1670000000003
1.1330000000003
-1
-1
-1
-1
-1
-1
-1
-1
-1
-1
-1
-1.1420000000003
-1.7930000000017
-1.9010000000019
-1.0640000000023
0.25899999999599
-2.1810000000036
-2.5060000000021
-3.0110000000006
-2.5370000000016
-2.2660000000029
-2.753000000004
-1.0060000000053
1.2679999999952
1.3309999999975
1.0709999999971
1.9709999999977
1.8959999999989
2.0189999999995
0.96199999999955
-0.40600000000016
-1
-1
-1
-1
-1
-1
-1
-1
-1
-1
-1
-1
-1.104
-1.5040000000004
-2.3700000000011
-3.7790000000017
-5.6230000000016
-8.4080000000012
-10.225
-7.780000000002
-5.4930000000032
-5.5760000000037
-5.6700000000038
-3.1890000000027
-1.5980000000019
-0.98000000000211
0.38099999999811
1.0189999999989
0.54299999999908
0.68599999999945
0.7929999999995
1.1149999999994
-1
-1
-1
-1
-1
-1
-1
-1
-1
-1
-1
-1
-1.1359999999998
-1.2529999999997
-1.4980000000001
-2.7630000000011
-4.3040000000003
-7.0519999999984
-8.3869999999978
-7.402
-5.2570000000008
-4.8480000000007
-4.4920000000013
-2.1880000000007
-0.82000000000061
-0.21400000000132
0.3069999999992
-0.38099999999996
-0.84999999999984
-0.56500000000004
-0.80300000000005
-0.10900000000024
-1
-1
-1
-1
-1
-1
-1
-1
-1
-1
-1
-1
-1
-1
-1.0669999999999
-1.6709999999992
-2.5709999999981
-3.3499999999971
-3.1619999999977
-2.1309999999988
-2.3949999999985
-2.7459999999985
-2.4329999999989
-1.806999999999
-1.5939999999993
-1.2309999999997
-1.1399999999998
-1.017
-1.003
-1
-1
-1
-1
-1
-1
-1
-1
-1
-1
-1
-1
-1
-1
-1
-1
-1.01
-1.3849999999995
-1.9089999999989
-2.2399999999985
-1.9439999999988
-1.6099999999992
-1.2909999999996
-1.8609999999992
-2.1369999999991
-1.8279999999991
-1.4289999999995
-1.1669999999998
-1.2519999999997
-1.0419999999999
-1
-1
-1
-1
-1
-1
-1
-1
-1
-1
-1
-1
-1
-1
-1
-1
-1
-1
-1.1769999999998
-1.3539999999996
-1.2489999999997
-1.0429999999999
-1
-1
-1
-1
-1
-1
-1
-1
-1
-1
-1
-1
-1
-1
-1
-1
-1
-1
-1
-1
-1
-1
-1
-1
-1
-1
-1
-1
-1
-1
-1
-1
-1
-1
-1
-1
-1
-1
-1
-1
-1
-1
-1
-1
-1
-1
-1
-1
-1
-1
-1
-1
-1
-1
-1
-1
-1
-1
-1
-1
-1
-1
-1
-1
-1
-1
-1
-1
-1
-1
-1
-1
-1
-1
-1
-1
-1
-1
-1
-1
-1
-1
-1
-1
-1
-1
-1
-1
-1
-1
-1
-1
-1
-1
-1
-1
-1
-1
-1
-1
-1
-1
-1
-1
-1
-1
-1
-1
-1
-1
-1
-1
-1
-1
-1
-1
-1
-1
-1
-1
-1
-1
-1
-1
-1
-1
-1
-1
-1
-1
-1
-1
-1
-1
-1
-1
-1
-1
-1
-1
-1
-1
-1
-1
-1
-1
-1
-1
-1
-1
-1
-1
-1
-1
-1
-1
-1
-1
-1
-1
-1
-1
-1
-1
-1
-1
-1
-1
-1
-1
-1
-1
-1
-1
-1
-1
-1
-1
-1
-1
-1
-1
-1
-1
-1
-1
-1
-1
-1
-1
-1
-1
-1
-1
-1
-1
-1
-1
-1
-1
-1
-1
-1
-1
-1
-1
-1
-1
-1
-1
-1
-1
-1
-1
-1
-1
-1
-1
-1
-1
-1
-1
-1
-1
-1
-1
-1
-1
-1
-1.005
-1.2659999999997
-1.802999999999
-1.7129999999991
-1.6419999999992
-1.3529999999996
-1.0899999999999
-1
-1
-1
-1
-1
-1
-1
-1
-1
-1
-1
-1
-1
-1
-1
-1
-1
-1
-1
-1
-1
-1.008
-1.0780000000002
-1.1560000000004
-1.2760000000004
-1.6409999999998
-2.1979999999987
-2.694999999998
-2.6359999999983
-2.1039999999991
-1.4839999999995
-1.0599999999999
-1
-1
-1
-1
-1
-1
-1
-1
-1
-1
-1
-1
-1
-1
-1
-1
-1
-1
-1
-1
-1.1160000000003
-1.0570000000004
-0.46100000000065
0.34499999999953
0.20300000000018
-0.61599999999899
-2.0279999999985
-3.4659999999981
-4.3799999999988
-3.0330000000002
-1.9709999999999
-1.5539999999995
-1.1139999999999
-1.1889999999998
-1.1899999999998
-1
-1
-1
-1
-1
-1
-1
-1
-1
-1
-1
-0.90500000000006
-0.1340000000003
-0.27100000000043
0.088999999999207
0.14099999999902
1.2739999999988
2.2369999999989
4.0519999999988
7.1889999999992
7.7619999999992
8.2899999999993
8.8159999999987
5.0189999999987
3.0519999999976
-1.5870000000041
-1.0940000000047
-1.3530000000022
-1.2890000000004
-2.5809999999988
-1.7619999999991
-1.3009999999996
-1
-1
-1
-1
-1
-1
-1
-1
-1
-1
-1
0.17299999999936
0.95499999999868
1.5429999999987
4.0899999999991
5.8209999999989
7.0069999999988
8.4559999999987
10.724999999999
14.906999999998
12.338999999998
9.1439999999985
6.1399999999982
5.342999999998
4.8169999999965
1.7759999999956
-2.3190000000059
-0.89800000000414
0.7689999999987
-1.6029999999993
-2.6239999999984
-2.2209999999989
-1.5539999999997
-1.0639999999999
-1
-1
-1
-1
-1
-1
-1
-1
-1
3.3469999999994
2.9239999999993
2.6999999999991
6.8439999999991
7.8859999999992
9.4329999999997
11.990999999999
13.807999999999
13.812999999998
11.556
7.8210000000001
6.1520000000002
6.7189999999999
6.7269999999985
2.9619999999972
-3.9820000000033
-4.6880000000035
-0.96500000000153
1.4149999999992
-0.3889999999996
-2.3809999999992
-1.7639999999998
-1.4509999999997
-1
-1
-1
-1
-1
-1
-1
-1
-1
2.9649999999998
2.3479999999996
0.84400000000014
2.3009999999998
3.112
4.4190000000003
6.3879999999993
7.4039999999994
3.9790000000008
3.5230000000035
1.4100000000032
2.4750000000021
7.3080000000008
7.8800000000003
2.4569999999985
-4.6720000000021
-6.0360000000023
-3.6500000000018
-0.26400000000063
-0.45999999999958
-1.7869999999991
-1.6339999999997
-1.5959999999997
-1
-1
-1
-1
-1
-1
-1
-1.078
-1
1.1960000000001
0.68099999999969
0.097000000000058
-0.29799999999967
-0.7499999999999
-1.76
-2.921
-6.0219999999982
-8.3499999999967
-9.7109999999962
-5.9309999999978
-2.277999999999
8.5489999999995
9.4759999999989
1.1679999999992
-5.3200000000015
-6.3380000000026
-4.424000000002
-2.8320000000006
-0.73499999999952
-1.1099999999995
-1.2609999999997
-1.1879999999998
-1
-1
-1
-1
-1
-1
-1
-1.009
-1
0.90400000000032
0.52000000000027
-1.0619999999998
-1.4069999999998
-2.8440000000005
-3.6980000000009
-6.0310000000011
-8.8619999999978
-10.701999999995
-9.4989999999965
-3.5719999999998
5.979999999998
10.487
7.7689999999999
-1.5549999999995
-4.1560000000007
-6.5050000000027
-4.670000000003
-2.5160000000021
-1.8339999999996
-1.5179999999994
-1.0519999999999
-1
-1
-1
-1
-1
-1
-1
-1
-1
-1
-1.1199999999999
-1.3199999999997
-1.9629999999996
-2.3999999999995
-3.5540000000011
-4.5200000000007
-7.511
-8.6059999999968
-7.8259999999961
-1.5039999999971
7.2400000000011
13.408
13.567000000002
5.5140000000034
-1.916999999996
-5.1379999999984
-6.8790000000016
-4.7910000000036
-4.4610000000024
-2.6250000000008
-1.3319999999996
-1.0569999999999
-1
-1
-1
-1
-1
-1
-1
-1
-1
-1
-1.1589999999998
-1.3719999999995
-2.0249999999993
-2.6459999999998
-4.2070000000009
-5.7710000000001
-8.1800000000008
-5.1059999999984
5.3630000000034
10.581000000003
12.907000000002
15.471000000002
13.418000000005
4.6580000000065
-0.052999999994591
-4.3969999999978
-5.582000000001
-5.3580000000033
-4.6480000000028
-2.5560000000015
-1.378
-1.1699999999998
-1
-1
-1
-1
-1
-1
-1
-1
-1
-1
-1.1589999999998
-1.4829999999994
-1.9149999999992
-2.7780000000008
-4.2560000000016
-5.8160000000013
-7.3260000000006
0.13000000000032
10.424
12.243
10.581000000003
10.766000000004
6.9380000000065
5.5530000000074
6.4040000000058
2.136000000001
-3.4730000000012
-6.8950000000029
-4.9630000000033
-2.7110000000018
-1.4250000000005
-1.1979999999998
-1
-1
-1
-1
-1
-1
-1
-1
-1
-1
-1.1589999999998
-1.5079999999994
-1.7419999999993
-2.7230000000015
-4.2440000000024
-5.6040000000028
-5.1710000000009
-1.8730000000011
6.557999999999
8.1750000000023
5.4150000000047
2.8510000000053
3.6730000000064
6.6970000000069
8.6340000000047
7.5270000000009
2.7529999999977
-3.6950000000026
-4.8570000000023
-2.668000000001
-1.7150000000001
-1.4619999999994
-1.039
-1
-1
-1
-1
-1
-1
-1
-1
-1
-1.1499999999998
-1.5069999999994
-2.0009999999994
-3.3090000000014
-4.859000000003
-6.8510000000034
-6.9560000000015
-7.2060000000012
-3.9399999999989
-2.5889999999962
-5.4009999999939
-6.1599999999938
-2.0999999999938
5.1240000000052
8.8020000000025
9.2139999999993
4.8749999999982
0.25099999999796
-0.73600000000076
-2.826000000001
-2.0869999999998
-1.6069999999992
-1.1599999999998
-1
-1
-1
-1
-1
-1
-1
-1
-1
-1
-1.2919999999996
-2.0800000000001
-3.4280000000011
-5.3150000000036
-7.7110000000037
-8.6820000000013
-8.2050000000006
-7.4649999999982
-7.6659999999955
-9.2829999999929
-9.609999999992
-7.0899999999925
0.87400000000619
9.6940000000016
11.877999999998
4.956999999998
2.3389999999984
2.503999999998
-0.86100000000188
-1.5730000000004
-1.2879999999996
-1
-1
-1
-1
-1
-1
-1
-1
-1
-1
-1
-1.0630000000002
-1.783000000001
-3.1770000000012
-5.8610000000035
-7.6190000000035
-7.972000000002
-8.3159999999991
-7.9939999999972
-8.6099999999951
-10.225999999993
-10.154999999992
-9.8899999999923
-2.8539999999942
7.1950000000005
11.337999999998
6.6089999999978
1.7049999999982
3.8709999999975
1.5119999999984
-1.4610000000003
-1.3039999999996
-1
-1
-1
-1
-1
-1
-1
-1
-1
-1
-1
-1.1190000000003
-1.7570000000016
-3.5340000000018
-6.3220000000043
-7.3460000000032
-7.7300000000001
-7.8949999999971
-6.911999999996
-7.4919999999956
-8.082999999994
-9.1859999999923
-9.1459999999924
-4.2159999999953
5.3899999999995
10.225999999997
5.4339999999964
1.1739999999968
3.6759999999978
2.1159999999987
-1.8790000000004
-1.4789999999996
-1
-1
-1
-1
-1
-1
-1
-1
-1
-1
-1
-1.0730000000002
-1.9680000000015
-3.6020000000021
-3.4930000000038
-4.598000000003
-6.7710000000003
-8.080999999997
-8.3269999999958
-8.9499999999944
-8.6809999999932
-9.0759999999925
-5.654999999994
0.097000000002692
6.9819999999983
9.6779999999961
5.776999999995
2.2609999999969
4.093999999998
1.9259999999989
-1.6930000000001
-1.1509999999998
-1
-1
-1
-1
-1
-1
-1
-1
-1
-1
-1
-0.47900000000033
0.50199999999847
2.4229999999973
4.050999999995
1.8589999999965
-3.2140000000004
-8.0329999999981
-11.114999999996
-10.449999999995
-8.1649999999946
-4.4809999999954
0.10800000000185
7.7539999999997
12.155999999996
12.820999999995
4.4629999999955
3.904999999997
4.1139999999987
0.50099999999968
-1.4809999999999
-1.1159999999999
-1
-1
-1
-1
-1
-1
-1
-1
-1
-1
-1
-0.35300000000037
2.8919999999982
4.2929999999978
4.8479999999953
5.1169999999951
2.9149999999982
-0.50699999999929
-4.6769999999975
-5.3669999999971
-2.5829999999977
0.3730000000005
7.2379999999982
13.747999999996
12.805999999995
7.0879999999955
2.537999999996
3.5479999999981
1.8499999999997
-0.30999999999953
-1.2729999999997
-1.2369999999997
-1
-1
-1
-1
-1
-1
-1
-1
-1
-1
-1
-0.34200000000034
2.8169999999983
3.7689999999981
4.8559999999977
3.798999999996
5.6189999999964
6.8739999999979
4.9089999999994
4.3829999999984
4.5639999999971
6.346999999996
10.473999999995
10.497999999995
5.9609999999975
2.0009999999971
0.98099999999768
0.65599999999892
0.43899999999947
-0.62800000000045
-1.0660000000002
-1
-1
-1
-1
-1
-1
-1
-1
-1
-1
-1
-1
-0.61400000000005
0.54599999999958
1.9299999999989
3.9909999999983
3.5669999999985
3.6019999999988
5.2249999999997
7.139999999998
10.906999999997
10.423999999996
8.7599999999962
7.0209999999973
3.7919999999981
-0.13000000000211
-0.42900000000189
0.49899999999887
0.73299999999908
0.91599999999945
-1.1670000000005
-1.2350000000006
-1
-1
-1
-1
-1
-1
-1
-1
-1
-1
-1
-1
-1.1359999999998
-1.2529999999997
-0.26800000000011
1.4269999999989
2.3859999999997
1.6580000000016
3.0330000000022
4.478
4.5129999999992
4.6719999999993
4.6379999999987
2.8319999999993
0.31999999999939
0.27599999999868
0.3069999999992
0.92900000000004
0.77000000000016
-0.35500000000004
-1.0130000000001
-1.0990000000002
-1
-1
-1
-1
-1
-1
-1
-1
-1
-1
-1
-1
-1
-1
-1.0669999999999
-1.6709999999992
-2.5709999999981
-3.3499999999971
-3.1619999999977
-1.6209999999988
-0.074999999998478
-1.1959999999985
-1.6829999999989
-1.756999999999
-1.5439999999993
-0.72099999999971
0.15000000000017
-0.84699999999998
-0.973
-1
-1
-1
-1
-1
-1
-1
-1
-1
-1
-1
-1
-1
-1
-1
-1
-1.01
-1.3849999999995
-1.9089999999989
-2.2399999999985
-1.9439999999988
-1.6099999999992
-1.2909999999996
-1.8609999999992
-2.1369999999991
-1.8279999999991
-1.4289999999995
-1.1669999999998
-1.2519999999997
-1.0419999999999
-1
-1
-1
-1
-1
-1
-1
-1
-1
-1
-1
-1
-1
-1
-1
-1
-1
-1
-1.1769999999998
-1.3539999999996
-1.2489999999997
-1.0429999999999
-1
-1
-1
-1
-1
-1
-1
-1
-1
-1
-1
-1
-1
-1
-1
-1
-1
-1
-1
-1
-1
-1
-1
-1
-1
-1
-1
-1
-1
-1
-1
-1
-1
-1
-1
-1
-1
-1
-1
-1
-1
-1
-1
-1
-1
-1
-1
-1
-1
-1
-1
-1
-1
-1
-1
-1
-1
-1
-1
-1
-1
-1
-1
-1
-1
-1
-1
-1
-1
-1
-1
-1
-1
-1
-1
-1
-1
-1
-1
-1
-1
-1
-1
-1
-1
-1
-1
-1
-1
-1
-1
-1
-1
-1
-1
-1
-1
-1
-1
-1
-1
-1
-1
-1
-1
-1
-1
-1
-1
-1
-1
-1
-1
-1
-1
-1
-1
-1
-1
-1
-1
-1
-1
-1
-1
-1
-1
-1
-1
-1
-1
-1
-1
-1
-1
-1
-1
-1
-1
-1
-1
-1
-1
-1
-1
-1
-1
-1
-1
-1
-1
-1
-1
-1
-1
-1
-1
-1
-1
-1
-1
-1
-1
-1
-1
-1
-1
-1
-1
-1
-1
-1
-1
-1
-1
-1
-1
-1
-1
-1
-1
-1
-1
-1
-1
-1
-1
-1
-1
-1
-1
-1
-1
-1
-1
-1
-1
-1
-1
-1
-1
-1
-1
-1
-1
-1
-1
-1
-1
-1
-1
-1
-1
-1
-1
-1
-1
-1
-1
-1
-1
-1
-1
-1
-1
-1
-1
-1
-1
-1.005
-1.2659999999997
-1.802999999999
-1.7129999999991
-1.6419999999992
-1.3529999999996
-1.0899999999999
-1
-1
-1
-1
-1
-1
-1
-1
-1
-1
-1
-1
-1
-1
-1
-1
-1
-1
-1
-1
-1
-1.008
-1.0780000000002
-1.1560000000004
-1.2760000000004
-1.6409999999998
-2.1979999999987
-2.694999999998
-2.6359999999983
-2.1039999999991
-1.4839999999995
-1.0599999999999
-1
-1
-1
-1
-1
-1
-1
-1
-1
-1
-1
-1
-1
-1
-1
-1
-1
-1
-1
-1
-1.1160000000003
-1.1770000000004
-1.4410000000006
-2.2350000000005
-3.2469999999998
-4.025999999999
-5.2079999999985
-5.6059999999981
-4.0799999999988
-1.1330000000002
-1.7209999999999
-1.5539999999995
-1.1139999999999
0.70100000000023
0.71000000000024
-1
-1
-1
-1
-1
-1
-1
-1
-1
-1
-1
-0.89500000000006
-0.8740000000003
-1.0810000000004
-1.3310000000008
-1.409000000001
-1.5360000000012
-1.5830000000011
-2.7380000000012
-4.1110000000008
-4.8380000000008
-5.5500000000007
-8.2840000000013
-10.511000000001
-9.3880000000024
-5.2870000000041
-0.39400000000469
-0.98300000000218
-2.5490000000004
1.2390000000012
1.5780000000009
0.40900000000037
-1
-1
-1
-1
-1
-1
-1
-1
-1
-1
-1
0.042999999999362
1.4849999999987
0.17299999999874
-1.8900000000009
-2.1590000000011
-0.71300000000118
-0.98400000000135
-2.6450000000015
-4.9630000000019
-5.461000000002
-7.8060000000015
-10.570000000002
-12.667000000002
-10.033000000003
-7.8640000000044
-0.26900000000588
1.2519999999959
0.9589999999987
5.2070000000007
4.7360000000016
2.1090000000011
-0.60399999999967
-1.0639999999999
-1
-1
-1
-1
-1
-1
-1
-1
-1
-0.33300000000056
1.5739999999993
1.5499999999991
-1.7360000000009
-1.4740000000008
0.16299999999971
-0.27900000000111
-2.7420000000011
-5.3970000000015
-6.9640000000002
-11.059
-14.698
-14.641
-11.943000000002
-7.0480000000028
0.91799999999669
-0.90800000000349
0.96499999999847
5.2049999999992
3.7710000000004
0.87900000000082
-1.1939999999998
-1.4509999999997
-1
-1
-1
-1
-1
-1
-1
-1
-1
-0.33500000000016
2.3079999999996
1.4540000000001
0.08099999999982
1.242
0.23900000000031
0.7379999999993
-2.8760000000006
-5.6509999999992
-7.2769999999965
-10.569999999997
-14.944999999998
-14.361999999999
-8.7599999999997
-4.4730000000015
-1.6020000000021
-2.0760000000023
0.8099999999982
3.3259999999994
2.1100000000004
1.0130000000009
-1.6339999999997
-1.5959999999997
-1
-1
-1
-1
-1
-1
-1
-1.078
-1
-0.36399999999992
2.8909999999997
1.8370000000001
1.7520000000003
3.5600000000001
1.41
2.269
-3.4519999999982
-6.4699999999967
-5.3209999999962
-5.7109999999978
-10.027999999999
-11.841000000001
-5.8340000000011
-1.1720000000008
-2.8700000000015
-0.1080000000026
1.025999999998
2.0479999999994
1.6750000000005
-0.15999999999948
-1.2609999999997
-1.1879999999998
-1
-1
-1
-1
-1
-1
-1
-1.009
-1
-0.77599999999968
2.1200000000003
3.5980000000002
3.1030000000002
4.7359999999995
2.1819999999991
2.1789999999989
-2.1019999999978
-6.5019999999952
-2.8089999999965
-3.3219999999998
-7.120000000002
-9.5930000000002
-2.3410000000001
-0.98499999999951
-3.2060000000007
1.1649999999973
1.709999999997
0.79399999999795
0.45600000000036
-0.56799999999936
-1.0519999999999
-1
-1
-1
-1
-1
-1
-1
-1
-1
-1
0.080000000000149
1.8800000000003
4.2170000000004
3.2100000000005
4.0259999999989
1.3299999999993
3.539
-1.3659999999968
-3.7259999999961
-3.0339999999971
-5.1399999999989
-9.3820000000001
-8.6929999999983
-0.51599999999664
-0.79699999999603
-1.4379999999984
3.2509999999984
2.0489999999964
1.2889999999976
0.66499999999915
-0.56199999999959
-1.0569999999999
-1
-1
-1
-1
-1
-1
-1
-1
-1
-1
0.4310000000002
2.3480000000005
3.2750000000007
3.5640000000002
2.9329999999991
2.4489999999999
4.7099999999992
1.7440000000016
-3.2469999999966
-4.4089999999974
-8.4829999999978
-8.3189999999984
-4.8919999999954
-1.3119999999935
-0.73299999999459
2.2830000000022
4.407999999999
1.3419999999967
0.65199999999725
-0.10600000000148
-1.378
-1.1699999999998
-1
-1
-1
-1
-1
-1
-1
-1
-1
-1
0.4310000000002
3.3470000000006
2.2850000000008
4.1119999999992
3.2639999999984
3.6339999999987
6.2339999999994
6.0900000000003
0.88400000000006
-1.897
-6.6789999999974
-5.7039999999959
-4.5919999999935
-1.2469999999926
2.5040000000058
6.166000000001
3.5969999999988
0.32499999999707
-1.0130000000033
-0.081000000001842
-1.1050000000005
-1.1979999999998
-1
-1
-1
-1
-1
-1
-1
-1
-1
-1
0.4310000000002
3.5720000000006
2.3680000000007
4.8169999999985
4.9959999999976
6.7759999999972
7.9489999999991
6.1069999999989
5.527999999999
4.4050000000023
1.1250000000047
1.0810000000053
0.52300000000643
2.287000000007
6.0940000000047
7.8670000000009
5.4329999999977
0.65499999999738
-0.037000000002317
0.61199999999897
0.44499999999993
-1.4619999999994
-1.039
-1
-1
-1
-1
-1
-1
-1
-1
-1
0.35000000000019
3.5630000000006
4.3990000000006
7.0209999999986
9.580999999997
11.298999999997
9.5339999999985
7.1639999999988
9.2800000000011
9.8210000000038
8.8190000000061
7.9300000000062
7.2200000000062
8.7140000000052
9.4020000000025
12.333999999999
6.5749999999982
-0.61900000000204
-0.92600000000076
0.033999999999026
0.2930000000002
-1.6069999999992
-1.1599999999998
-1
-1
-1
-1
-1
-1
-1
-1
-1
-1
1.6280000000004
3.6599999999999
6.9419999999989
10.154999999996
9.4289999999963
8.4279999999987
5.5149999999994
5.9350000000018
6.2840000000045
4.7670000000071
4.010000000008
4.5100000000075
7.0340000000062
10.674000000002
10.127999999998
2.396999999998
-3.2510000000016
-2.296000000002
-0.07100000000188
-0.36300000000043
-1.2879999999996
-1
-1
-1
-1
-1
-1
-1
-1
-1
-1
-1
-1.0630000000002
0.31699999999899
4.4929999999988
4.7089999999965
0.52099999999646
-0.68200000000198
-0.86599999999915
-1.0039999999972
0.55000000000489
1.794000000007
-0.95499999999192
1.2600000000077
5.6660000000058
7.7450000000005
5.7279999999981
-0.94100000000224
-3.1450000000018
-1.7990000000025
-0.71800000000159
-1.1010000000003
-1.3039999999996
-1
-1
-1
-1
-1
-1
-1
-1
-1
-1
-1
-1.1190000000003
-1.7070000000016
-0.17400000000184
-0.73200000000428
-1.4860000000032
-2.3100000000001
-3.3949999999971
-2.191999999996
-0.3519999999956
0.66700000000605
-2.9559999999923
-3.0859999999924
0.43400000000466
2.7699999999995
1.1359999999968
-3.5760000000036
-1.1660000000032
-1.2340000000022
-1.6740000000013
-1.8790000000004
-1.4789999999996
-1
-1
-1
-1
-1
-1
-1
-1
-1
-1
-1
-1.0730000000002
-1.9680000000015
-2.4720000000021
-3.5330000000038
-4.698000000003
-5.5410000000003
-5.570999999997
-3.3369999999958
-1.6099999999944
-2.7109999999932
-6.7859999999925
-6.774999999994
-2.8229999999973
0.63199999999831
0.11799999999605
-1.623000000005
0.3909999999969
-0.70600000000197
-1.5440000000011
-1.6930000000001
-1.1509999999998
-1
-1
-1
-1
-1
-1
-1
-1
-1
-1
-1
-1.1390000000003
-2.2180000000015
-4.0770000000027
-6.279000000005
-7.7510000000035
-8.4140000000004
-8.8229999999981
-6.3749999999964
-4.4299999999946
-6.3149999999946
-10.170999999995
-8.4819999999982
-5.3360000000003
0.90599999999629
1.190999999995
0.73299999999552
0.84499999999704
1.0639999999987
-1.2090000000003
-1.4809999999999
-1.1159999999999
-1
-1
-1
-1
-1
-1
-1
-1
-1
-1
-1
-1.1530000000004
-2.2280000000018
-3.7570000000022
-6.4920000000047
-8.7530000000049
-9.7950000000018
-9.6969999999993
-6.1869999999975
-7.6569999999971
-10.882999999998
-11.766999999999
-7.0120000000018
-4.822000000004
0.41599999999525
2.9779999999955
1.277999999996
0.99799999999812
1.6999999999997
-1.3899999999995
-1.2729999999997
-1.2369999999997
-1
-1
-1
-1
-1
-1
-1
-1
-1
-1
-1
-1.1420000000003
-1.9230000000017
-2.8310000000019
-5.1240000000023
-7.821000000004
-8.6410000000036
-5.8660000000021
-7.0910000000006
-9.3570000000016
-12.296000000003
-10.053000000004
-4.7660000000053
-3.4920000000048
1.5609999999975
2.6909999999971
2.5109999999977
0.24599999999893
0.69899999999947
-0.77800000000045
-1.0660000000002
-1
-1
-1
-1
-1
-1
-1
-1
-1
-1
-1
-1
-1.104
-1.5040000000004
-2.3700000000011
-3.7790000000017
-5.7430000000015
-5.4480000000012
-4.7950000000003
-5.920000000002
-9.4130000000033
-9.7560000000037
-7.0800000000038
-1.4890000000027
-0.38800000000188
3.9299999999979
3.1809999999981
0.85899999999887
0.27299999999908
-0.30400000000055
-1.1070000000005
-1.2350000000006
-1
-1
-1
-1
-1
-1
-1
-1
-1
-1
-1
-1
-1.1359999999998
-1.2529999999997
-1.4980000000001
-2.7630000000011
-4.2140000000003
-1.7119999999984
-2.6669999999978
-5.912
-5.7770000000008
-4.4580000000007
-3.1420000000013
-2.3180000000007
1.7099999999994
3.9459999999987
2.8369999999992
-0.070999999999964
-1.2399999999998
-1.135
-1.0230000000001
-1.0990000000002
-1
-1
-1
-1
-1
-1
-1
-1
-1
-1
-1
-1
-1
-1
-1.0669999999999
-1.6709999999992
-2.1809999999981
2.6800000000029
0.87800000000226
-2.1009999999988
-2.3949999999985
-1.3659999999985
-0.47299999999886
-1.806999999999
-1.5939999999993
-1.2309999999997
-1.1399999999998
-1.017
-1.003
-1
-1
-1
-1
-1
-1
-1
-1
-1
-1
-1
-1
-1
-1
-1
-1
-1.01
-1.3849999999995
-1.9089999999989
-0.49999999999846
-0.85399999999883
-1.6099999999992
-1.2909999999996
-1.8609999999992
-2.1369999999991
-1.8279999999991
-1.4289999999995
-1.1669999999998
-1.2519999999997
-1.0419999999999
-1
-1
-1
-1
-1
-1
-1
-1
-1
-1
-1
-1
-1
-1
-1
-1
-1
-1
-1.1769999999998
-1.3539999999996
-1.2489999999997
-1.0429999999999
-1
-1
-1
-1
-1
-1
-1
-1
-1
-1
-1
-1
-1
-1
-1
-1
-1
-1
-1
-1
-1
-1
-1
-1
-1
-1
-1
-1
-1
-1
-1
-1
-1
-1
-1
-1
-1
-1
-1
-1
-1
-1
-1
-1
-1
-1
-1
-1
-1
-1
-1
-1
-1
-1
-1
-1
-1
-1
-1
-1
-1
-1
-1
-1
-1
-1
-1
-1
-1
-1
-1
-1
-1
-1
-1
-1
-1
-1
-1
-1
-1
-1
-1
-1
-1
-1
-1
-1
-1
-1
-1
-1
-1
-1
-1
-1
-1
-1
-1
-1
-1
-1
-1
-1
-1
-1
-1
-1
-1
-1
-1
-1
-1
-1
-1
-1
-1
-1
-1
-1
-1
-1
-1
-1
-1
-1
-1
-1
-1
-1
-1
-1
-1
-1
-1
-1
-1
-1
-1
-1
-1
-1
-1
-1
-1
-1
-1
-1
-1
-1
-1
-1
-1
-1
-1
-1
-1
-1
-1
-1
-1
-1
-1
-1
-1
-1
-1
-1
-1
-1
-1
-1
-1
-1
-1
-1
-1
-1
-1
-1
-1
-1
-1
-1
-1
-1
-1
-1
-1
-1
-1
-1
-1
-1
-1
-1
-1
-1
-1
-1
-1
-1
-1
-1
-1
-1
-1
-1
-1
-1
-1
-1
-1
-1
-1
-1
-1
-1
-1
-1
-1
-1
-1
-1
-1
-1
-1
-1
-1
-1.005
-1.2659999999997
-1.802999999999
-1.7129999999991
-1.6419999999992
-1.3529999999996
-1.0899999999999
-1
-1
-1
-1
-1
-1
-1
-1
-1
-1
-1
-1
-1
-1
-1
-1
-1
-1
-1
-1
-1
-1.008
-1.0780000000002
-1.1560000000004
-1.2760000000004
-1.6409999999998
-2.1979999999987
-2.694999999998
-2.6359999999983
-2.1039999999991
-1.4839999999995
-1.0599999999999
-1
-1
-1
-1
-1
-1
-1
-1
-1
-1
-1
-1
-1
-1
-1
-1
-1
-1
-1
-1
-1.1160000000003
-1.1770000000004
-1.4410000000006
-2.2350000000005
-3.2469999999998
-4.025999999999
-5.2079999999985
-5.6059999999981
-4.4599999999988
-3.0330000000002
-1.9709999999999
-1.5539999999995
-1.1139999999999
-1.1889999999998
-1.1899999999998
-1
-1
-1
-1
-1
-1
-1
-1
-1
-1
-1
-1.0250000000001
-1.1240000000003
-1.1810000000004
-1.3310000000008
-1.409000000001
-1.5360000000012
-2.1130000000011
-2.7380000000012
-4.1110000000008
-5.8080000000008
-7.7400000000007
-9.3140000000013
-10.331000000001
-9.3780000000024
-7.5870000000041
-5.2240000000047
-4.6930000000022
-1.8090000000004
-0.090999999998772
0.70800000000093
-0.030999999999626
-1
-1
-1
-1
-1
-1
-1
-1
-1
-1
-1
-1.2770000000006
-1.6550000000013
-1.7670000000013
-1.8900000000009
-2.1590000000011
-2.4430000000012
-3.4940000000013
-4.3250000000015
-4.7930000000019
-6.111000000002
-7.8160000000015
-10.060000000002
-10.207000000002
-9.9330000000035
-9.1140000000044
-7.3990000000059
-5.2280000000041
-0.7310000000013
1.5170000000007
3.3360000000016
3.5190000000011
2.9760000000003
-0.42399999999992
-1
-1
-1
-1
-1
-1
-1
-1
-1
-1.6530000000006
-2.2060000000007
-2.4800000000009
-2.6960000000009
-2.6540000000008
-2.1670000000003
-3.4890000000011
-4.5220000000011
-5.4970000000015
-7.8340000000002
-11.359
-12.648
-12.181
-11.083000000002
-8.3680000000028
-8.9720000000033
-6.9080000000035
-2.3050000000015
0.024999999999207
3.2210000000004
5.1190000000008
5.1960000000002
3.0590000000003
-1
-1
-1
-1
-1
-1
-1
-1
-1
-1.6550000000002
-2.4120000000004
-2.6959999999999
-2.9690000000002
-3.638
-2.6309999999997
-4.2920000000007
-5.7960000000006
-7.5409999999992
-10.426999999996
-13.109999999997
-13.324999999998
-10.561999999999
-7.1399999999997
-7.4230000000015
-8.3520000000021
-6.9260000000023
-3.2200000000018
0.68599999999937
4.0200000000004
4.2930000000009
4.7060000000003
4.3640000000003
-1
-1
-1
-1
-1
-1
-1
-1.078
-1
-1.3539999999999
-1.8490000000003
-2.4129999999999
-2.9079999999997
-3.3099999999999
-3.02
-4.531
-6.9619999999982
-8.1499999999967
-10.750999999996
-12.340999999998
-11.567999999999
-6.8110000000005
-5.7940000000011
-5.8220000000008
-7.5400000000015
-7.1080000000026
-5.964000000002
-2.5020000000006
0.86500000000048
1.7600000000005
1.3490000000003
0.69200000000023
-1
-1
-1
-1
-1
-1
-1
-1.009
-1
-1.2659999999997
-1.5799999999997
-1.9219999999998
-2.3169999999998
-2.8440000000005
-3.6980000000009
-5.8910000000011
-8.9219999999978
-9.9319999999952
-8.9089999999965
-8.8619999999998
-6.810000000002
-4.4730000000002
-5.4110000000001
-7.2349999999995
-8.8060000000007
-10.025000000003
-8.620000000003
-4.2760000000021
-0.83399999999964
-0.16799999999936
-0.53199999999994
-1
-1
-1
-1
-1
-1
-1
-1
-1
-1
-1.1199999999999
-1.3199999999997
-1.9629999999996
-2.3999999999995
-3.5540000000011
-4.5200000000007
-7.511
-8.2659999999968
-8.7459999999961
-4.3739999999971
-4.3199999999989
-3.8520000000001
-4.9029999999983
-6.9159999999966
-10.356999999996
-12.367999999998
-11.859000000002
-9.7210000000036
-5.4910000000024
-2.6250000000008
-1.3319999999996
-1.0569999999999
-1
-1
-1
-1
-1
-1
-1
-1
-1
-1
-1.1589999999998
-1.3719999999995
-2.0249999999993
-2.6459999999998
-4.2070000000009
-5.7710000000001
-7.5100000000008
-7.5359999999984
-7.8069999999966
-2.4089999999974
-1.3229999999978
-5.7089999999984
-9.4019999999954
-11.771999999993
-12.452999999995
-11.936999999998
-10.482000000001
-8.2180000000033
-4.7380000000028
-2.5560000000015
-1.378
-1.1699999999998
-1
-1
-1
-1
-1
-1
-1
-1
-1
-1
-1.1589999999998
-1.4829999999994
-1.9149999999992
-2.7780000000008
-4.2560000000016
-5.8160000000013
-5.1360000000006
-5.5799999999997
-3.7859999999999
-1.947
-4.0489999999974
-9.4039999999959
-11.001999999993
-11.706999999993
-12.385999999994
-11.883999999999
-8.6030000000012
-7.4950000000029
-4.9630000000033
-2.7110000000018
-1.4250000000005
-1.1979999999998
-1
-1
-1
-1
-1
-1
-1
-1
-1
-1
-1.1589999999998
-1.5079999999994
-1.7419999999993
-2.7230000000015
-4.2440000000024
-6.0540000000028
-4.6510000000009
-2.7130000000011
0.10799999999901
-2.2649999999977
-7.1849999999953
-10.128999999995
-11.286999999994
-9.172999999993
-10.665999999995
-10.182999999999
-8.3370000000023
-7.5950000000026
-5.1070000000023
-2.668000000001
-1.7150000000001
-1.4619999999994
-1.039
-1
-1
-1
-1
-1
-1
-1
-1
-1
-1.1499999999998
-1.5069999999994
-2.0009999999994
-3.3090000000014
-4.859000000003
-7.3010000000034
-6.7660000000015
-4.7260000000012
-1.4399999999989
-2.5789999999962
-5.6809999999939
-8.3699999999938
-10.179999999994
-7.9159999999948
-8.3479999999975
-8.1060000000008
-8.8150000000018
-7.889000000002
-4.9360000000008
-2.886000000001
-2.0869999999998
-1.6069999999992
-1.1599999999998
-1
-1
-1
-1
-1
-1
-1
-1
-1
-1
-1.2919999999996
-2.0800000000001
-3.4280000000011
-5.3150000000036
-7.1610000000037
-8.9320000000013
-9.1450000000006
-7.1449999999982
-6.2959999999955
-4.1429999999929
-5.959999999992
-7.6899999999925
-7.5159999999938
-6.8959999999984
-6.8120000000017
-7.573000000002
-7.4610000000016
-4.826000000002
-2.4810000000019
-1.5730000000004
-1.2879999999996
-1
-1
-1
-1
-1
-1
-1
-1
-1
-1
-1
-1.0630000000002
-1.783000000001
-2.9270000000012
-3.8110000000035
-5.2690000000035
-7.052000000002
-8.3159999999991
-7.9939999999972
-7.7299999999951
-5.085999999993
-5.3549999999919
-5.8999999999923
-5.8739999999942
-6.3749999999995
-6.3320000000019
-6.9410000000022
-6.3250000000018
-4.3290000000025
-2.3680000000016
-1.4610000000003
-1.3039999999996
-1
-1
-1
-1
-1
-1
-1
-1
-1
-1
-1
-1.1190000000003
-0.89700000000163
0.12599999999816
-2.9520000000043
-6.2660000000032
-7.7300000000001
-7.8949999999971
-6.911999999996
-4.3319999999956
-3.602999999994
-4.1259999999923
-4.4459999999924
-4.9959999999953
-6.9300000000005
-7.3040000000032
-6.5560000000036
-5.3860000000032
-3.9340000000022
-2.6340000000013
-1.8790000000004
-1.4789999999996
-1
-1
-1
-1
-1
-1
-1
-1
-1
-1
-1
-1.0730000000002
0.58199999999853
1.8879999999979
-0.56300000000383
-4.238000000003
-5.5410000000003
-6.400999999997
-4.4769999999958
-1.0499999999944
-1.1709999999932
-4.9159999999925
-5.874999999994
-6.0329999999973
-8.6480000000017
-7.722000000004
-5.253000000005
-4.4190000000031
-3.466000000002
-2.5040000000011
-1.6930000000001
-1.1509999999998
-1
-1
-1
-1
-1
-1
-1
-1
-1
-1
-1
-1.1390000000003
0.041999999998474
0.17299999999734
0.71099999999504
-0.55100000000349
-2.3140000000004
-3.4229999999981
-2.7449999999964
-2.6799999999946
-5.0849999999946
-7.5209999999954
-7.4619999999982
-7.7160000000003
-8.5440000000037
-7.429000000005
-4.6370000000045
-3.665000000003
-3.0360000000013
-2.2090000000003
-1.4809999999999
-1.1159999999999
-1
-1
-1
-1
-1
-1
-1
-1
-1
-1
-1
-1.1530000000004
-1.3680000000018
-0.18700000000216
0.20799999999531
-1.3630000000049
-3.6050000000018
-4.7569999999993
-6.5869999999975
-8.2769999999971
-8.5429999999977
-8.4669999999995
-8.9520000000018
-9.692000000004
-8.7540000000048
-5.9820000000045
-4.112000000004
-3.2920000000019
-2.8300000000003
-1.7799999999995
-1.2729999999997
-1.2369999999997
-1
-1
-1
-1
-1
-1
-1
-1
-1
-1
-1
-1.1420000000003
-1.9230000000017
-0.10100000000187
-0.86400000000229
-3.021000000004
-5.3110000000036
-8.1660000000021
-9.5710000000006
-8.7270000000016
-8.6060000000029
-10.793000000004
-11.046000000005
-8.5620000000048
-6.6590000000025
-4.4590000000029
-3.2490000000023
-2.5140000000011
-2.1010000000005
-1.4080000000005
-1.0660000000002
-1
-1
-1
-1
-1
-1
-1
-1
-1
-1
-1
-1
-0.55400000000005
0.21599999999958
1.1699999999989
1.3009999999983
-0.66300000000155
-5.4880000000012
-7.9450000000003
-8.580000000002
-9.2930000000033
-10.286000000004
-9.8700000000038
-7.3890000000027
-5.4580000000019
-4.2900000000021
-2.9290000000019
-2.2910000000011
-1.7870000000009
-1.6140000000006
-1.2170000000005
-1.2350000000006
-1
-1
-1
-1
-1
-1
-1
-1
-1
-1
-1
-1
0.22400000000017
1.2770000000003
1.0319999999999
-0.23300000000112
-2.1840000000003
-5.7019999999984
-7.0669999999978
-7.242
-5.7770000000008
-5.8380000000007
-5.4820000000013
-3.9280000000007
-3.3500000000006
-2.7440000000013
-2.2230000000008
-1.601
-1.2399999999998
-1.135
-1.0230000000001
-1.0990000000002
-1
-1
-1
-1
-1
-1
-1
-1
-1
-1
-1
-1
-1
-1
-1.0669999999999
-1.6709999999992
-2.5709999999981
-3.3499999999971
-3.1619999999977
-2.1309999999988
-2.3949999999985
-2.7459999999985
-2.4329999999989
-1.806999999999
-1.5939999999993
-1.2309999999997
-1.1399999999998
-1.017
-1.003
-1
-1
-1
-1
-1
-1
-1
-1
-1
-1
-1
-1
-1
-1
-1
-1
-1.01
-1.3849999999995
-1.9089999999989
-2.2399999999985
-1.9439999999988
-1.6099999999992
-1.2909999999996
-1.8609999999992
-2.1369999999991
-1.8279999999991
-1.4289999999995
-1.1669999999998
-1.2519999999997
-1.0419999999999
-1
-1
-1
-1
-1
-1
-1
-1
-1
-1
-1
-1
-1
-1
-1
-1
-1
-1
-1.1769999999998
-1.3539999999996
-1.2489999999997
-1.0429999999999
-1
-1
-1
-1
-1
-1
-1
-1
-1
-1
-1
-1
-1
-1
-1
-1
-1
-1
-1
-1
-1
-1
-1
-1
-1
-1
-1
-1
-1
-1
-1
-1
-1
-1
-1
-1
-1
-1
-1
-1
-1
-1
-1
-1
-1
-1
-1
-1
-1
-1
-1
-1
-1
-1
-1
-1
-1
-1
-1
-1
-1
-1
-1
-1
-1
-1
-1
-1
-1
-1
-1
-1
-1
-1
-1
-1
-1
-1
-1
-1
-1
-1
-1
-1
-1
-1
-1
-1
-1
-1
-1
-1
-1
-1
-1
-1
-1
-1
-1
-1
-1
-1
-1
-1
-1
-1
-1
-1
-1
-1
-1
-1
-1
-1
-1
-1
-1
-1
-1
-1
-1
-1
-1
-1
-1
-1
-1
-1
-1
-1
-1
-1
-1
-1
-1
-1
-1
-1
-1
-1
-1
-1
-1
-1
-1
-1
-1
-1
-1
-1
-1
-1
-1
-1
-1
-1
-1
-1
-1
-1
-1
-1
-1
-1
-1
-1
-1
-1
-1
-1
-1
-1
-1
-1
-1
-1
-1
-1
-1
-1
-1
-1
-1
-1
-1
-1
-1
-1
-1
-1
-1
-1
-1
-1
-1
-1
-1
-1
-1
-1
-1
-1
-1
-1
-1
-1
-1
-1
-1
-1
-1
-1
-1
-1
-1
-1
-1
-1
-1
-1
-1
-1
-1
-1
-1
-1
-1
-1
-1
-0.95499999999999
1.3940000000003
6.227000000001
5.4170000000009
4.7780000000008
2.1770000000004
-0.18999999999989
-1
-1
-1
-1
-1
-1
-1
-1
-1
-1
-1
-1
-1
-1
-1
-1
-1
-1
-1
-1
-1
-1.008
-1.0780000000002
-1.1560000000004
-1.2460000000004
1.2090000000002
6.9920000000013
11.925000000002
13.174000000002
8.9360000000009
3.3560000000005
-0.45999999999993
-1
-1
-1
-1
-1
-1
-1
-1
-1
-1
-1
-1
-1
-1
-1
-1
-1
-1
-1
-1
-1.1160000000003
-1.1770000000004
-1.4410000000006
-2.2350000000005
-2.0869999999998
4.404000000001
11.912000000001
17.304000000002
14.810000000001
7.1169999999998
0.52900000000008
-1.3239999999995
-1.1139999999999
-1.1889999999998
-1.1899999999998
-1
-1
-1
-1
-1
-1
-1
-1
-1
-1
-1
-1.0250000000001
-1.1240000000003
-1.1810000000004
-1.3310000000008
-1.409000000001
-1.5360000000012
-2.1130000000011
-2.7380000000012
-4.1110000000008
-4.5880000000008
-0.89000000000069
6.1159999999987
13.288999999999
11.511999999998
4.4329999999959
-1.7840000000047
-2.7730000000022
-3.4690000000004
-2.6409999999988
-1.7619999999991
-1.3009999999996
-1
-1
-1
-1
-1
-1
-1
-1
-1
-1
-1
-1.2770000000006
-1.6550000000013
-1.7670000000013
-1.8900000000009
-2.1590000000011
-2.7430000000012
-3.8540000000013
-5.2650000000015
-6.3330000000019
-3.261000000002
5.2339999999985
11.819999999998
11.852999999998
2.5669999999965
-5.3240000000044
-8.3590000000059
-6.0280000000041
-6.1010000000013
-4.8629999999993
-3.1439999999984
-2.2209999999989
-1.5539999999997
-1.0639999999999
-1
-1
-1
-1
-1
-1
-1
-1
-1
-1.6530000000006
-2.2060000000007
-2.4800000000009
-2.6960000000009
-3.1440000000008
-4.5470000000003
-6.0190000000011
-7.0520000000011
-5.6370000000015
0.84599999999983
8.2010000000001
9.0420000000002
2.3589999999999
-7.4230000000015
-13.828000000003
-12.102000000003
-10.058000000003
-8.5350000000015
-6.0350000000008
-3.5589999999996
-2.3809999999992
-1.7639999999998
-1.4509999999997
-1
-1
-1
-1
-1
-1
-1
-1
-1
-1.6550000000002
-2.4120000000004
-2.6959999999999
-2.9690000000002
-3.818
-4.8209999999997
-6.8220000000007
-6.5160000000006
-2.3209999999992
7.1930000000035
10.030000000003
2.9850000000021
-4.0819999999992
-13.21
-14.933000000002
-13.962000000002
-13.386000000002
-11.220000000002
-7.4840000000006
-3.5199999999996
-2.2169999999991
-1.6339999999997
-1.5959999999997
-1
-1
-1
-1
-1
-1
-1
-1.078
-1
-1.3539999999999
-1.8490000000003
-2.4129999999999
-2.9079999999997
-3.3099999999999
-3.82
-5.851
-3.5019999999982
4.2100000000033
11.879000000004
7.0990000000022
-0.167999999999
-8.8110000000005
-12.884000000001
-13.512000000001
-13.580000000001
-13.908000000003
-11.674000000002
-7.4520000000006
-3.1649999999995
-1.7499999999995
-1.2609999999997
-1.1879999999998
-1
-1
-1
-1
-1
-1
-1
-1.009
-1
-1.2659999999997
-1.5799999999997
-1.9219999999998
-2.3169999999998
-2.8440000000005
-3.4880000000009
-3.2310000000011
-0.55199999999783
11.298000000005
11.051000000003
4.0380000000002
-5.180000000002
-10.303
-10.981
-11.255
-11.666000000001
-11.235000000003
-9.830000000003
-6.3960000000021
-2.6439999999996
-1.5179999999994
-1.0519999999999
-1
-1
-1
-1
-1
-1
-1
-1
-1
-1
-1.1199999999999
-1.3199999999997
-1.9629999999996
-2.3999999999995
-3.5540000000011
-3.2900000000007
-3.581
4.6540000000032
13.394000000004
8.4460000000029
-1.5999999999989
-8.4620000000001
-9.3929999999983
-7.0459999999966
-4.326999999996
-2.4879999999984
-2.7390000000016
-4.4410000000035
-2.4610000000024
-2.6250000000008
-1.3319999999996
-1.0569999999999
-1
-1
-1
-1
-1
-1
-1
-1
-1
-1
-1.1589999999998
-1.3719999999995
-2.0249999999993
-2.6459999999998
-4.2070000000009
-3.9410000000001
-3.0100000000008
10.244000000002
14.173000000003
3.4310000000026
-5.6629999999978
-7.5389999999984
-4.7119999999954
-1.9119999999935
0.97700000000541
2.1430000000022
3.197999999999
5.3219999999967
0.62199999999725
-1.2760000000015
-1.378
-1.1699999999998
-1
-1
-1
-1
-1
-1
-1
-1
-1
-1
-1.1589999999998
-1.4829999999994
-1.9149999999992
-2.7780000000008
-4.0760000000016
-2.7360000000013
3.7739999999994
15.48
11.984
-0.076999999999951
-5.4789999999974
-1.2939999999959
2.9380000000065
6.4630000000074
6.2340000000058
4.846000000001
5.5569999999988
8.5649999999971
3.9169999999967
-1.0810000000018
-1.4250000000005
-1.1979999999998
-1
-1
-1
-1
-1
-1
-1
-1
-1
-1
-1.1589999999998
-1.5079999999994
-1.7419999999993
-2.7230000000015
-3.7040000000024
-1.3840000000028
10.128999999999
17.636999999999
6.807999999999
-3.2149999999977
-3.5749999999953
3.9510000000053
5.5830000000064
4.217000000007
2.8240000000047
5.6670000000009
7.7429999999977
10.774999999997
6.9729999999977
-0.76800000000103
-1.7150000000001
-1.4619999999994
-1.039
-1
-1
-1
-1
-1
-1
-1
-1
-1
-1.1499999999998
-1.5069999999994
-2.0009999999994
-3.3090000000014
-2.559000000003
1.3189999999966
11.803999999998
15.583999999999
3.8800000000011
-2.9389999999962
2.0490000000061
5.1100000000062
3.4800000000062
-2.8259999999948
-1.6679999999975
-0.27600000000075
8.2449999999982
12.130999999998
5.4739999999992
-2.246000000001
-2.0869999999998
-1.6069999999992
-1.1599999999998
-1
-1
-1
-1
-1
-1
-1
-1
-1
-1
-1.2919999999996
-2.0800000000001
-3.4280000000011
-2.8450000000036
4.7189999999963
12.827999999999
13.724999999999
1.5350000000018
0.84400000000446
4.6370000000071
3.050000000008
-1.5699999999925
-4.6359999999938
-4.9759999999984
0.64799999999832
11.506999999998
13.758999999998
3.033999999998
-2.4810000000019
-1.5730000000004
-1.2879999999996
-1
-1
-1
-1
-1
-1
-1
-1
-1
-1
-1
-1.0630000000002
-1.783000000001
-3.1770000000012
-2.8610000000035
6.1709999999965
12.517999999998
13.484000000001
3.8460000000028
4.0400000000049
3.934000000007
0.22500000000808
-5.9099999999923
-7.3539999999942
-1.1549999999995
6.9679999999981
15.938999999998
12.344999999998
0.45099999999751
-2.3680000000016
-1.4610000000003
-1.3039999999996
-1
-1
-1
-1
-1
-1
-1
-1
-1
-1
-1
-1.1190000000003
-1.7570000000016
-3.5340000000018
-3.6220000000043
5.6639999999968
12.77
13.215000000003
5.848000000004
5.2880000000044
2.147000000006
3.1040000000077
2.8440000000076
1.8540000000047
8.1799999999995
12.905999999997
14.883999999996
2.8639999999968
-1.7940000000022
-2.6340000000013
-1.8790000000004
-1.4789999999996
-1
-1
-1
-1
-1
-1
-1
-1
-1
-1
-1
-1.0730000000002
-1.9680000000015
-3.8420000000021
-4.8430000000038
2.631999999997
11.889
13.959000000003
9.3430000000042
6.8600000000056
6.0690000000068
8.0640000000075
8.915000000006
11.497000000003
12.081999999998
11.547999999996
3.946999999995
-1.6190000000031
-2.486000000002
-2.5040000000011
-1.6930000000001
-1.1509999999998
-1
-1
-1
-1
-1
-1
-1
-1
-1
-1
-1
-1.1390000000003
-2.2180000000015
-4.0770000000027
-6.019000000005
-1.8110000000035
5.2159999999996
12.157000000002
13.325000000004
11.000000000005
10.625000000005
10.439000000005
11.028000000002
11.234
5.5959999999963
1.250999999995
-1.4370000000045
-1.945000000003
-3.0360000000013
-2.2090000000003
-1.4809999999999
-1.1159999999999
-1
-1
-1
-1
-1
-1
-1
-1
-1
-1
-1
-1.1530000000004
-2.2280000000018
-3.7570000000022
-6.4920000000047
-6.6430000000049
-2.6650000000018
3.4530000000007
7.9130000000025
8.8330000000029
10.627000000002
8.6730000000005
5.0879999999982
1.687999999996
-0.84400000000475
-2.3520000000045
-2.122000000004
-3.0720000000019
-2.8300000000003
-1.7799999999995
-1.2729999999997
-1.2369999999997
-1
-1
-1
-1
-1
-1
-1
-1
-1
-1
-1
-1.1420000000003
-1.9230000000017
-2.8310000000019
-5.1240000000023
-7.771000000004
-9.6110000000036
-10.536000000002
-8.7810000000006
-5.9670000000016
-3.3860000000029
-2.733000000004
-3.2560000000053
-2.8820000000048
-3.2890000000025
-3.2590000000029
-3.0590000000023
-2.5140000000011
-2.1010000000005
-1.4080000000005
-1.0660000000002
-1
-1
-1
-1
-1
-1
-1
-1
-1
-1
-1
-1
-1.104
-1.5040000000004
-2.3700000000011
-3.7790000000017
-5.7430000000015
-9.2980000000012
-12.385
-12.300000000002
-9.6030000000033
-7.0060000000037
-6.4300000000038
-6.1390000000027
-4.4780000000019
-4.2900000000021
-2.9290000000019
-2.2910000000011
-1.7870000000009
-1.6140000000006
-1.2170000000005
-1.2350000000006
-1
-1
-1
-1
-1
-1
-1
-1
-1
-1
-1
-1
-1.1359999999998
-1.2529999999997
-1.4980000000001
-2.7630000000011
-4.3040000000003
-7.0519999999984
-8.3869999999978
-7.402
-5.7770000000008
-5.8380000000007
-5.4820000000013
-3.9280000000007
-3.3500000000006
-2.7440000000013
-2.2230000000008
-1.601
-1.2399999999998
-1.135
-1.0230000000001
-1.0990000000002
-1
-1
-1
-1
-1
-1
-1
-1
-1
-1
-1
-1
-1
-1
-1.0669999999999
-1.6709999999992
-2.5709999999981
-3.3499999999971
-3.1619999999977
-2.1309999999988
-2.3949999999985
-2.7459999999985
-2.4329999999989
-1.806999999999
-1.5939999999993
-1.2309999999997
-1.1399999999998
-1.017
-1.003
-1
-1
-1
-1
-1
-1
-1
-1
-1
-1
-1
-1
-1
-1
-1
-1
-1.01
-1.3849999999995
-1.9089999999989
-2.2399999999985
-1.9439999999988
-1.6099999999992
-1.2909999999996
-1.8609999999992
-2.1369999999991
-1.8279999999991
-1.4289999999995
-1.1669999999998
-1.2519999999997
-1.0419999999999
-1
-1
-1
-1
-1
-1
-1
-1
-1
-1
-1
-1
-1
-1
-1
-1
-1
-1
-1.1769999999998
-1.3539999999996
-1.2489999999997
-1.0429999999999
-1
-1
-1
-1
-1
-1
-1
-1
-1
-1
-1
-1
-1
-1
-1
-1
-1
-1
-1
-1
-1
-1
-1
-1
-1
-1
-1
-1
-1
-1
-1
-1
-1
-1
-1
-1
-1
-1
-1
-1
-1
-1
-1
-1
-1
-1
-1
-1
-1
-1
-1
-1
-1
-1
-1
-1
-1
-1
-1
-1
-1
-1
-1
-1
-1
-1
-1
-1
-1
-1
-1
-1
-1
-1
-1
-1
-1
-1
-1
-1
-1
-1
-1
-1
-1
-1
-1
-1
-1
-1
-1
-1
-1
-1
-1
-1
-1
-1
-1
-1
-1
-1
-1
-1
-1
-1
-1
-1
-1
-1
-1
-1
-1
-1
-1
-1
-1
-1
-1
-1
-1
-1
-1
-1
-1
-1
-1
-1
-1
-1
-1
-1
-1
-1
-1
-1
-1
-1
-1
-1
-1
-1
-1
-1
-1
-1
-1
-1
-1
-1
-1
-1
-1
-1
-1
-1
-1
-1
-1
-1
-1
-1
-1
-1
-1
-1
-1
-1
-1
-1
-1
-1
-1
-1
-1
-1
-1
-1
-1
-1
-1
-1
-1
-1
-1
-1
-1
-1
-1
-1
-1
-1
-1
-1
-1
-1
-1
-1
-1
-1
-1
-1
-1
-1
-1
-1
-1
-1
-1
-1
-1
-1
-1
-1
-1
-1
-1
-1
-1
-1
-1
-1
-1
-1
-1
-1
-1
-1
-1
-1.005
-1.2659999999997
-1.802999999999
-1.7129999999991
-1.6419999999992
-1.3529999999996
-1.0899999999999
-1
-1
-1
-1
-1
-1
-1
-1
-1
-1
-1
-1
-1
-1
-1
-1
-1
-1
-1
-1
-1
-1.008
-1.0780000000002
-1.1560000000004
-1.2760000000004
-1.6409999999998
-2.1979999999987
-2.694999999998
-2.6359999999983
-2.1039999999991
-1.4839999999995
-1.0599999999999
-1
-1
-1
-1
-1
-1
-1
-1
-1
-1
-1
-1
-1
-1
-1
-1
-1
-1
-1
-1
-1.1160000000003
-1.1770000000004
-1.4410000000006
-2.2350000000005
-3.2469999999998
-4.025999999999
-5.2079999999985
-5.6059999999981
-4.4599999999988
-3.0330000000002
-1.9709999999999
-1.5539999999995
-1.1139999999999
-1.1889999999998
-1.1899999999998
-1
-1
-1
-1
-1
-1
-1
-1
-1
-1
-1
-1.0250000000001
-1.1240000000003
-1.1810000000004
-1.3310000000008
-1.409000000001
-1.5360000000012
-2.1130000000011
-2.7380000000012
-4.1110000000008
-5.8380000000008
-7.9200000000007
-9.4940000000013
-10.511000000001
-10.638000000002
-8.9470000000041
-6.9740000000047
-4.9530000000022
-3.4690000000004
-2.6409999999988
-1.7619999999991
-1.3009999999996
-1
-1
-1
-1
-1
-1
-1
-1
-1
-1
-1
-1.2770000000006
-1.6550000000013
-1.7670000000013
-1.8900000000009
-2.1590000000011
-2.7430000000012
-3.8540000000013
-5.2650000000015
-6.3330000000019
-7.811000000002
-10.346000000002
-12.590000000002
-12.737000000002
-12.463000000003
-11.644000000004
-10.929000000006
-8.2280000000041
-6.1010000000013
-4.8629999999993
-3.1439999999984
-2.2209999999989
-1.5539999999997
-1.0639999999999
-1
-1
-1
-1
-1
-1
-1
-1
-1
-1.4430000000006
-0.066000000000733
0.12999999999912
-0.88600000000091
-1.3240000000008
-1.0570000000003
-2.5190000000011
-3.1820000000011
-4.1570000000015
-6.4840000000002
-9.9389999999999
-9.1579999999998
-4.7710000000001
-5.7530000000015
-4.6580000000028
-5.3620000000033
-4.9580000000035
-4.4850000000015
-5.8850000000008
-3.5589999999996
-2.3809999999992
-1.7639999999998
-1.4509999999997
-1
-1
-1
-1
-1
-1
-1
-1
-1
-1.0450000000002
-0.28200000000043
1.7140000000001
3.0409999999998
3.412
2.7690000000003
0.7579999999993
-0.28600000000058
-1.6409999999992
-2.4469999999965
-2.8899999999968
0.70500000000211
5.4380000000008
6.7200000000003
6.0869999999985
3.7179999999979
1.9439999999977
-1.5300000000018
-2.4840000000006
-3.5199999999996
-2.2169999999991
-1.6339999999997
-1.5959999999997
-1
-1
-1
-1
-1
-1
-1
-0.29800000000005
-1
-1.3539999999999
-1.8490000000003
1.5070000000001
2.6720000000003
2.2000000000001
3.05
3.779
3.8480000000018
2.6200000000033
3.8490000000038
4.5890000000022
7.042000000001
7.7289999999995
8.5459999999989
8.4479999999992
5.3699999999985
5.4219999999974
2.905999999998
0.69799999999937
-3.0549999999995
-1.7499999999995
-1.2609999999997
-1.1879999999998
-1
-1
-1
-1
-1
-1
-1
-0.91900000000001
-1
-1.2659999999997
-1.5799999999997
0.34800000000023
0.25300000000018
1.0059999999995
6.4519999999991
4.4889999999989
4.9280000000022
3.8280000000048
2.9110000000035
3.1680000000002
1.819999999998
1.2269999999998
4.1289999999999
6.4150000000005
6.4639999999993
4.9949999999973
5.289999999997
2.2539999999979
-1.3739999999996
-1.5179999999994
-1.0519999999999
-1
-1
-1
-1
-1
-1
-1
-1
-1
-1
-1.1199999999999
-1.3199999999997
-0.77299999999959
0.48000000000049
4.5359999999989
7.7899999999993
9.209
4.7040000000032
-0.12599999999611
-1.3439999999971
-0.61999999999886
-1.3620000000001
-4.6929999999983
-1.4159999999966
0.97300000000397
4.0520000000016
5.8609999999984
4.0389999999964
0.80899999999756
-1.9150000000008
-1.3319999999996
-1.0569999999999
-1
-1
-1
-1
-1
-1
-1
-1
-1
-1
-1.1589999999998
-1.3719999999995
0.3750000000007
1.4440000000002
5.8429999999991
6.4189999999999
6.5599999999992
2.0640000000016
-3.1069999999966
-4.7289999999974
-6.2129999999978
-9.4189999999984
-9.8019999999954
-1.8319999999935
1.4470000000054
5.5530000000022
6.437999999999
0.81199999999666
-1.1280000000028
-2.0460000000015
-1.378
-1.1699999999998
-1
-1
-1
-1
-1
-1
-1
-1
-1
-1
-1.1589999999998
-1.4829999999994
0.48500000000077
2.2019999999992
4.0039999999984
1.8939999999987
-0.22600000000057
-5.2899999999997
-9.6759999999999
-9.5669999999999
-11.268999999997
-12.913999999996
-9.1719999999935
-0.34699999999257
4.5940000000058
5.206000000001
2.5669999999988
-1.6750000000029
-3.1430000000033
-2.7110000000018
-1.4250000000005
-1.1979999999998
-1
-1
-1
-1
-1
-1
-1
-1
-1
-1
-1.1589999999998
-1.5079999999994
-0.9819999999993
-1.3930000000015
-1.5740000000024
-4.1540000000028
-7.9110000000009
-9.5130000000011
-10.082000000001
-10.384999999998
-12.614999999995
-12.658999999995
-3.9869999999936
2.737000000007
6.0540000000047
1.9970000000009
-2.5270000000023
-3.8550000000026
-4.1270000000023
-1.838000000001
-0.88500000000007
-0.63199999999943
-1.039
-1
-1
-1
-1
-1
-1
-1
-1
-1
-1.1499999999998
-1.5069999999994
-2.0009999999994
-3.3090000000014
-4.859000000003
-7.3010000000034
-9.1860000000015
-10.156000000001
-8.9599999999989
-9.7389999999962
-11.770999999994
-7.4699999999938
2.2100000000062
5.6640000000052
4.7120000000025
1.2539999999993
-2.7950000000018
-4.519000000002
-2.3960000000008
-0.46600000000097
-0.1569999999998
-0.49699999999925
-1.1599999999998
-1
-1
-1
-1
-1
-1
-1
-1
-1
-1
-1.2919999999996
-2.0800000000001
-3.4280000000011
-5.2050000000036
-6.9710000000037
-7.8720000000013
-7.6350000000006
-6.5349999999982
-6.3059999999955
-5.7429999999929
0.35000000000799
5.4600000000075
4.6740000000062
1.8940000000016
-2.2820000000017
-4.933000000002
-6.0310000000016
-4.136000000002
-2.1310000000019
-1.5730000000004
-1.2879999999996
-1
-1
-1
-1
-1
-1
-1
-1
-1
-1
-1
-1.0630000000002
-1.783000000001
-2.9770000000012
-3.5310000000035
-5.0790000000035
-5.432000000002
-5.7759999999991
-4.7039999999972
-2.7699999999951
-0.90599999999301
4.7750000000081
7.5600000000077
4.4160000000058
-1.1049999999995
-6.6020000000019
-9.1210000000022
-6.9650000000018
-4.3290000000025
-2.3680000000016
-1.4610000000003
-1.3039999999996
-1
-1
-1
-1
-1
-1
-1
-1
-1
-1
-1
-1.1190000000003
-1.7570000000016
-3.3940000000018
-4.1420000000043
-4.8060000000032
-6.3800000000001
-5.9749999999971
-4.271999999996
-2.1519999999956
0.97700000000605
4.0040000000077
5.8840000000076
2.8740000000047
-5.4100000000005
-8.5140000000032
-8.6260000000036
-5.4060000000032
-3.9340000000022
-2.6340000000013
-1.8790000000004
-1.4789999999996
-1
-1
-1
-1
-1
-1
-1
-1
-1
-1
-1
-1.0730000000002
-1.9680000000015
-3.8420000000021
-5.3130000000038
-6.328000000003
-7.7110000000003
-6.690999999997
-3.6769999999958
-0.56999999999444
1.7590000000068
2.1940000000075
4.065000000006
-2.7729999999973
-8.5680000000017
-9.812000000004
-7.073000000005
-4.4190000000031
-3.466000000002
-2.5040000000011
-1.6930000000001
-1.1509999999998
-1
-1
-1
-1
-1
-1
-1
-1
-1
-1
-1
-1.1390000000003
-2.2180000000015
-4.0770000000027
-6.529000000005
-8.1510000000035
-7.4340000000004
-6.8429999999981
-2.8449999999964
-1.3799999999946
-1.0949999999946
-0.11099999999536
-1.4719999999982
-4.8360000000003
-9.8140000000037
-8.209000000005
-4.6370000000045
-3.665000000003
-3.0360000000013
-2.2090000000003
-1.4809999999999
-1.1159999999999
-1
-1
-1
-1
-1
-1
-1
-1
-1
-1
-1
-1.1530000000004
-2.2280000000018
-3.7570000000022
-6.4920000000047
-8.1230000000049
-6.9450000000018
-5.9669999999993
-3.8069999999975
-3.9169999999971
-3.1029999999977
-2.4969999999995
-4.8120000000018
-5.792000000004
-8.4840000000048
-5.9820000000045
-4.112000000004
-3.2920000000019
-2.8300000000003
-1.7799999999995
-1.2729999999997
-1.2369999999997
-1
-1
-1
-1
-1
-1
-1
-1
-1
-1
-1
-1.1420000000003
-1.9230000000017
-2.8310000000019
-5.1240000000023
-6.721000000004
-4.2910000000036
-3.0660000000021
-4.7910000000006
-6.7070000000016
-3.9860000000029
-3.513000000004
-5.2760000000053
-5.4020000000048
-6.4690000000025
-4.4590000000029
-3.2490000000023
-2.5140000000011
-2.1010000000005
-1.4080000000005
-1.0660000000002
-1
-1
-1
-1
-1
-1
-1
-1
-1
-1
-1
-1
-1.104
-1.5040000000004
-2.3700000000011
-3.7690000000017
-2.8830000000015
-1.0480000000012
-2.7450000000003
-7.200000000002
-5.0730000000033
-1.4460000000037
-1.8400000000038
-2.9890000000027
-1.8180000000019
-3.3200000000021
-2.9290000000019
-2.2910000000011
-1.7870000000009
-1.6140000000006
-1.2170000000005
-1.2350000000006
-1
-1
-1
-1
-1
-1
-1
-1
-1
-1
-1
-1
-1.1359999999998
-1.2529999999997
-1.4980000000001
-1.2130000000011
1.5659999999997
2.0080000000016
-1.9669999999978
-5.352
0.19299999999916
3.8819999999993
2.3979999999987
-0.92800000000071
0.17999999999939
-2.1640000000013
-2.2230000000008
-1.601
-1.2399999999998
-1.135
-1.0230000000001
-1.0990000000002
-1
-1
-1
-1
-1
-1
-1
-1
-1
-1
-1
-1
-1
-1
-0.69699999999992
2.7090000000008
6.1590000000019
3.1400000000029
-0.88199999999774
-1.4909999999988
4.3350000000015
7.3840000000015
6.4970000000011
3.063000000001
1.7760000000007
-1.1309999999997
-1.1399999999998
-1.017
-1.003
-1
-1
-1
-1
-1
-1
-1
-1
-1
-1
-1
-1
-1
-1
-1
-1
-0.94999999999999
0.86500000000048
4.9710000000011
3.0900000000015
1.0660000000012
-0.81999999999924
-1.2909999999996
4.3590000000008
7.5330000000009
4.9320000000009
2.4010000000005
-0.96699999999979
-1.2519999999997
-1.0419999999999
-1
-1
-1
-1
-1
-1
-1
-1
-1
-1
-1
-1
-1
-1
-1
-1
-1
-1
0.59300000000022
2.1860000000004
1.2410000000003
-0.61299999999995
-1
-1
-1
-1
-1
-1
-1
-1
-1
-1
-1
-1
-1
-1
-1
-1
-1
-1
-1
-1
-1
-1
-1
-1
-1
-1
-1
-1
-1
-1
-1
-1
-1
-1
-1
-1
-1
-1
-1
-1
-1
-1
-1
-1
-1
-1
-1
-1
-1
-1
-1
-1
-1
-1
-1
-1
-1
-1
-1
-1
-1
-1
-1
-1
-1
-1
-1
-1
-1
-1
-1
-1
-1
-1
-1
-1
-1
-1
-1
-1
-1
-1
-1
-1
-1
-1
-1
-1
-1
-1
-1
-1
-1
-1
-1
-1
-1
-1
-1
-1
-1
-1
-1
-1
-1
-1
-1
-1
-1
-1
-1
-1
-1
-1
-1
-1
-1
-1
-1
-1
-1
-1
-1
-1
-1
-1
-1
-1
-1
-1
-1
-1
-1
-1
-1
-1
-1
-1
-1
-1
-1
-1
-1
-1
-1
-1
-1
-1
-1
-1
-1
-1
-1
-1
-1
-1
-1
-1
-1
-1
-1
-1
-1
-1
-1
-1
-1
-1
-1
-1
-1
-1
-1
-1
-1
-1
-1
-1
-1
-1
-1
-1
-1
-1
-1
-1
-1
-1
-1
-1
-1
-1
-1
-1
-1
-1
-1
-1
-1
-1
-1
-1
-1
-1
-1
-1
-1
-1
-1
-1
-1
-1
-1
-1
-1
-1
-1
-1
-1
-1
-1
-1
-1
-1
-1
-1
-1
-1
-1
-1.005
-1.2659999999997
-1.802999999999
-1.7129999999991
-1.6419999999992
-1.3529999999996
-1.0899999999999
-1
-1
-1
-1
-1
-1
-1
-1
-1
-1
-1
-1
-1
-1
-1
-1
-1
-1
-1
-1
-1
-1.008
-1.0780000000002
-1.1560000000004
-1.2760000000004
-1.6409999999998
-2.1979999999987
-2.694999999998
-2.6359999999983
-2.1039999999991
-1.4839999999995
-1.0599999999999
-1
-1
-1
-1
-1
-1
-1
-1
-1
-1
-1
-1
-1
-1
-1
-1
-1
-1
-1
-1
-1.1160000000003
-1.1770000000004
-1.4410000000006
-2.2350000000005
-3.2469999999998
-4.025999999999
-5.2079999999985
-5.6059999999981
-4.4599999999988
-3.0330000000002
-0.81099999999992
0.88600000000046
0.026000000000141
-1.1889999999998
-1.1899999999998
-1
-1
-1
-1
-1
-1
-1
-1
-1
-1
-1
-1.0250000000001
-1.1240000000003
-1.1810000000004
-1.3310000000008
-1.409000000001
-1.5360000000012
-2.1130000000011
-2.7380000000012
-4.1110000000008
-4.9180000000008
-3.5800000000007
-2.5540000000013
-1.8410000000013
-1.2580000000024
-1.1970000000041
-2.7040000000047
-1.4630000000022
3.0409999999996
4.4890000000012
0.008000000000931
-1.2709999999996
-1
-1
-1
-1
-1
-1
-1
-1
-1
-1
-1
-1.2770000000006
-1.6550000000013
-1.7670000000013
-1.8900000000009
-2.1590000000011
-2.7430000000012
-3.8540000000013
-5.2650000000015
-6.1330000000019
-4.271000000002
-0.64600000000151
2.4999999999982
3.832999999998
3.5869999999965
3.7859999999956
2.9609999999941
1.8819999999959
4.2989999999987
5.2170000000007
2.1160000000016
-0.080999999998948
-1.4939999999997
-1.0639999999999
-1
-1
-1
-1
-1
-1
-1
-1
-1
-1.6530000000006
-2.2060000000007
-2.4800000000009
-2.6960000000009
-3.1440000000008
-4.5470000000003
-6.0190000000011
-6.3920000000011
-2.9470000000015
2.4059999999998
3.6510000000001
2.6320000000002
2.4889999999999
-0.98300000000155
-1.0580000000028
1.4379999999967
3.7119999999965
7.2749999999985
5.3849999999992
0.4210000000004
0.099000000000825
-1.6539999999998
-1.4509999999997
-1
-1
-1
-1
-1
-1
-1
-1
-1
-1.6550000000002
-2.4120000000004
-2.6959999999999
-2.9690000000002
-3.818
-4.7709999999997
-4.5520000000007
-1.1060000000006
4.9490000000008
4.5630000000035
0.8300000000032
-3.2849999999979
-4.0819999999992
-6.6699999999997
-7.5830000000015
-1.4020000000021
2.4439999999977
6.3099999999982
3.5059999999994
0.22000000000042
-1.3869999999991
-1.6339999999997
-1.5959999999997
-1
-1
-1
-1
-1
-1
-1
-1.078
-1
-1.3539999999999
-1.8490000000003
-2.4129999999999
-2.9079999999997
-3.3099999999999
-2.19
-0.95099999999996
4.3580000000018
4.6400000000033
-1.6209999999962
-8.5509999999978
-7.967999999999
-6.6110000000005
-8.6140000000011
-5.2020000000008
-0.1800000000015
3.5719999999974
4.785999999998
1.5779999999994
0.095000000000478
-0.04999999999948
-1.2609999999997
-1.1879999999998
-1
-1
-1
-1
-1
-1
-1
-1.009
-1
-1.2659999999997
-1.5799999999997
-1.9219999999998
-2.3169999999998
-2.3740000000005
-1.1880000000009
-0.20100000000111
2.0280000000022
1.4980000000048
-4.4989999999965
-7.1519999999998
-7.530000000002
-7.8030000000002
-6.2910000000001
-0.55499999999951
4.6239999999993
4.0349999999973
1.609999999997
-2.9960000000021
-0.13399999999964
-0.61799999999936
-1.0519999999999
-1
-1
-1
-1
-1
-1
-1
-1
-1
-1
-1.1199999999999
-1.3199999999997
-1.9629999999996
-2.3999999999995
-3.1540000000011
-2.0200000000007
-2.721
-1.7459999999968
-0.84599999999611
-0.053999999997139
-1.8599999999989
-5.1020000000001
-4.4429999999983
1.2440000000034
5.793000000004
5.6220000000016
0.15099999999839
-3.6510000000036
-3.1710000000024
-1.5950000000008
-1.3319999999996
-1.0569999999999
-1
-1
-1
-1
-1
-1
-1
-1
-1
-1
-1.1589999999998
-1.3719999999995
-2.0249999999993
-2.6459999999998
-4.2070000000009
-4.4010000000001
-4.6900000000008
-4.3759999999984
-1.1669999999966
1.8210000000026
2.7570000000022
-1.8189999999984
0.83800000000456
5.0980000000065
5.3970000000054
0.32300000000221
-4.632000000001
-7.8180000000033
-4.6880000000028
-2.5560000000015
-1.378
-1.1699999999998
-1
-1
-1
-1
-1
-1
-1
-1
-1
-1
-1.1589999999998
-1.4829999999994
-1.9149999999992
-2.7780000000008
-4.2560000000016
-5.7860000000013
-7.8260000000006
-7.8499999999997
-2.0259999999999
4.243
5.7210000000026
2.8060000000041
3.6880000000065
2.8330000000074
-0.58599999999417
-6.683999999999
-7.6630000000012
-7.4950000000029
-4.9630000000033
-2.7110000000018
-1.4250000000005
-1.1979999999998
-1
-1
-1
-1
-1
-1
-1
-1
-1
-1
-1.1589999999998
-1.5079999999994
-1.7419999999993
-2.7230000000015
-4.2440000000024
-6.0540000000028
-8.1510000000009
-9.3830000000011
-5.522000000001
5.6650000000023
7.5350000000047
6.0210000000053
3.0330000000064
-0.39299999999305
-7.6359999999953
-9.6929999999991
-8.3370000000023
-7.5950000000026
-5.1070000000023
-2.668000000001
-1.7150000000001
-1.4619999999994
-1.039
-1
-1
-1
-1
-1
-1
-1
-1
-1
-1.1499999999998
-1.5069999999994
-2.0009999999994
-3.3090000000014
-4.859000000003
-7.3010000000034
-8.8560000000016
-8.7860000000012
-1.7699999999989
3.8410000000038
4.9390000000061
4.2800000000062
1.6400000000062
-4.6859999999948
-9.9079999999975
-9.6060000000007
-9.0850000000018
-7.889000000002
-4.9360000000008
-2.886000000001
-2.0869999999998
-1.6069999999992
-1.1599999999998
-1
-1
-1
-1
-1
-1
-1
-1
-1
-1
-1.2919999999996
-2.0800000000001
-3.4280000000011
-5.3150000000036
-7.2010000000037
-6.4020000000013
-2.9850000000006
4.0250000000018
6.0740000000045
3.9770000000071
2.040000000008
2.9300000000075
-1.3359999999938
-7.5159999999984
-9.3420000000017
-9.443000000002
-7.4610000000016
-4.826000000002
-2.4810000000019
-1.5730000000004
-1.2879999999996
-1
-1
-1
-1
-1
-1
-1
-1
-1
-1
-1
-1.0630000000002
-1.783000000001
-3.1770000000012
-5.3810000000035
-5.0890000000035
-3.322000000002
3.8240000000009
7.5860000000028
6.1400000000049
-0.0059999999930078
-0.48499999999192
2.8700000000077
2.4960000000058
-4.1049999999995
-8.6920000000019
-9.4310000000022
-6.9650000000018
-4.3290000000025
-2.3680000000016
-1.4610000000003
-1.3039999999996
-1
-1
-1
-1
-1
-1
-1
-1
-1
-1
-1
-1.1190000000003
-1.7570000000016
-3.5340000000018
-4.1920000000043
-3.4560000000032
3.0999999999999
7.5750000000029
7.338000000004
0.8380000000044
-2.092999999994
-1.9559999999923
1.1840000000076
3.7540000000047
-3.5100000000005
-9.3840000000032
-8.6260000000036
-5.4060000000032
-3.9340000000022
-2.6340000000013
-1.8790000000004
-1.4789999999996
-1
-1
-1
-1
-1
-1
-1
-1
-1
-1
-1
-1.0730000000002
-1.9680000000015
-2.9220000000021
-2.9030000000038
0.87199999999704
4.8489999999997
4.989000000003
1.2330000000042
-4.0899999999944
-5.1809999999932
-2.4159999999925
0.0050000000059804
0.26700000000269
-5.6580000000017
-9.1120000000039
-7.073000000005
-4.4190000000031
-3.466000000002
-2.5040000000011
-1.6930000000001
-1.1509999999998
-1
-1
-1
-1
-1
-1
-1
-1
-1
-1
-1
-1.1390000000003
-1.8280000000015
-1.8570000000027
-2.189000000005
2.7089999999965
4.6559999999996
0.40700000000191
-5.3649999999964
-7.8399999999946
-6.2449999999946
-2.5509999999954
0.60800000000185
-3.7760000000003
-7.8240000000037
-6.949000000005
-4.6370000000045
-3.665000000003
-3.0360000000013
-2.2090000000003
-1.4809999999999
-1.1159999999999
-1
-1
-1
-1
-1
-1
-1
-1
-1
-1
-1
-1.1530000000004
-1.6880000000018
-1.3270000000022
-0.83200000000469
5.3569999999951
3.4649999999982
-2.2469999999993
-9.6869999999975
-8.6869999999971
-5.4829999999977
0.1330000000005
-1.2620000000018
-5.502000000004
-6.2540000000048
-4.7220000000045
-4.112000000004
-3.2920000000019
-2.8300000000003
-1.7799999999995
-1.2729999999997
-1.2369999999997
-1
-1
-1
-1
-1
-1
-1
-1
-1
-1
-1
-1.1420000000003
-0.74300000000174
-0.18100000000187
3.2759999999977
8.378999999996
4.7389999999964
0.30399999999793
-4.7210000000006
-2.1670000000016
-0.90600000000289
-0.183000000004
-3.7160000000053
-6.2720000000048
-4.1190000000025
-3.4490000000029
-3.2490000000023
-2.5140000000011
-2.1010000000005
-1.4080000000005
-1.0660000000002
-1
-1
-1
-1
-1
-1
-1
-1
-1
-1
-1
-1
-1.104
-1.0640000000004
0.14999999999892
4.5409999999983
9.4769999999985
6.6619999999988
5.9049999999997
5.739999999998
5.7669999999968
3.5139999999963
-1.3800000000038
-3.8790000000027
-3.0180000000019
-2.9900000000021
-2.9290000000019
-2.2910000000011
-1.7870000000009
-1.6140000000006
-1.2170000000005
-1.2350000000006
-1
-1
-1
-1
-1
-1
-1
-1
-1
-1
-1
-1
-1.1359999999998
-1.2529999999997
-1.0480000000001
1.5469999999989
6.0559999999997
7.9180000000016
6.8630000000022
6.928
3.3429999999992
0.58199999999933
-1.4020000000013
-2.1680000000007
-2.9700000000006
-2.7440000000013
-2.2230000000008
-1.601
-1.2399999999998
-1.135
-1.0230000000001
-1.0990000000002
-1
-1
-1
-1
-1
-1
-1
-1
-1
-1
-1
-1
-1
-1
-1.0669999999999
-1.5209999999992
-0.04099999999805
-0.81999999999708
-0.63199999999774
0.21900000000121
-1.1049999999985
-2.2959999999985
-2.4129999999989
-1.806999999999
-1.5939999999993
-1.2309999999997
-1.1399999999998
-1.017
-1.003
-1
-1
-1
-1
-1
-1
-1
-1
-1
-1
-1
-1
-1
-1
-1
-1
-1.01
-1.3849999999995
-1.9089999999989
-2.2399999999985
-1.9439999999988
-1.6099999999992
-1.2909999999996
-1.8609999999992
-2.1369999999991
-1.8279999999991
-1.4289999999995
-1.1669999999998
-1.2519999999997
-1.0419999999999
-1
-1
-1
-1
-1
-1
-1
-1
-1
-1
-1
-1
-1
-1
-1
-1
-1
-1
-1.1769999999998
-1.3539999999996
-1.2489999999997
-1.0429999999999
-1
-1
-1
-1
-1
-1
-1
-1
-1
-1
-1
-1
-1
-1
-1
-1
-1
-1
-1
-1
-1
-1
-1
-1
-1
-1
-1
-1
-1
-1
-1
-1
-1
-1
-1
-1
-1
-1
-1
-1
-1
-1
-1
-1
-1
-1
-1
-1
-1
-1
-1
-1
-1
-1
-1
-1
-1
-1
-1
-1
-1
-1
-1
-1
-1
-1
-1
-1
-1
-1
-1
-1
-1
-1
-1
-1
-1
-1
-1
-1
-1
-1
-1
-1
-1
-1
-1
-1
-1
-1
-1
-1
-1
-1
-1
-1
-1
-1
-1
-1
-1
-1
-1
-1
-1
-1
-1
-1
-1
-1
-1
-1
-1
-1
-1
-1
-1
-1
-1
-1
-1
-1
-1
-1
-1
-1
-1
-1
-1
-1
-1
-1
-1
-1
-1
-1
-1
-1
-1
-1
-1
-1
-1
-1
-1
-1
-1
-1
-1
-1
-1
-1
-1
-1
-1
-1
-1
-1
-1
-1
-1
-1
-1
-1
-1
-1
-1
-1
-1
-1
-1
-1
-1
-1
-1
-1
-1
-1
-1
-1
-1
-1
-1
-1
-1
-1
-1
-1
-1
-1
-1
-1
-1
-1
-1
-1
-1
-1
-1
-1
-1
-1
-1
-1
-1
-1
-1
-1
-1
-1
-1
-1
-1
-1
-1
-1
-1
-1
-1
-1
-1
-1
-1
-1
-1
-1
-1
-1
-1
-1.005
-1.2659999999997
-1.802999999999
-1.7129999999991
-1.6419999999992
-1.3529999999996
-1.0899999999999
-1
-1
-1
-1
-1
-1
-1
-1
-1
-1
-1
-1
-1
-1
-1
-1
-1
-1
-1
-1
-1
-1.008
-1.0780000000002
-1.1560000000004
-1.2760000000004
-1.6409999999998
-2.1979999999987
-2.694999999998
-2.6359999999983
-2.1039999999991
-1.4839999999995
-1.0599999999999
-1
-1
-1
-1
-1
-1
-1
-1
-1
-1
-1
-1
-1
-1
-1
-1
-1
-1
-1
-1
-1.1160000000003
-1.1770000000004
-1.2910000000006
-0.85500000000047
-1.2369999999998
-1.495999999999
-2.6579999999985
-3.2859999999981
-3.3899999999988
-2.9830000000002
-1.9709999999999
-1.5539999999995
-1.1139999999999
-1.1889999999998
-1.1899999999998
-1
-1
-1
-1
-1
-1
-1
-1
-1
-1
-1
-1.0250000000001
-1.1240000000003
-1.1810000000004
-1.3310000000008
-1.409000000001
-1.5360000000012
-2.1130000000011
-2.0880000000012
0.16899999999916
-0.76800000000082
-3.6800000000007
-7.2440000000013
-8.4410000000013
-8.4980000000024
-6.4270000000041
-5.7840000000047
-4.9530000000022
-3.4690000000004
-2.6409999999988
-1.7619999999991
-1.3009999999996
-1
-1
-1
-1
-1
-1
-1
-1
-1
-1
-1
-1.2770000000006
-1.6550000000013
-1.7670000000013
-1.8900000000009
-2.1590000000011
-2.7430000000012
-3.3740000000013
-1.5250000000015
-1.2730000000019
-3.011000000002
-6.6260000000015
-9.8600000000018
-9.887000000002
-8.3630000000035
-4.5840000000044
-4.9790000000059
-6.3580000000041
-6.1010000000013
-4.8629999999993
-3.1439999999984
-2.2209999999989
-1.5539999999997
-1.0639999999999
-1
-1
-1
-1
-1
-1
-1
-1
-1
-1.6530000000006
-2.2060000000007
-2.4800000000009
-2.6960000000009
-3.1440000000008
-4.5470000000003
-4.0090000000011
-0.7320000000011
-0.78700000000154
-4.2140000000002
-3.3689999999999
0.75200000000016
2.9589999999999
4.6669999999985
4.3919999999972
0.8379999999967
-0.73800000000349
-5.9350000000015
-4.6950000000008
-1.7589999999996
-1.8109999999992
-1.7639999999998
-1.4509999999997
-1
-1
-1
-1
-1
-1
-1
-1
-1
-1.6550000000002
-2.4120000000004
-2.6959999999999
-2.9690000000002
-3.818
-3.1909999999997
-2.0720000000007
-0.20600000000058
-0.14099999999919
1.4130000000035
4.2800000000032
8.9550000000021
4.0380000000008
0.45000000000033
1.5669999999985
4.4679999999979
6.8339999999977
1.0599999999982
-2.3740000000006
-0.98999999999958
-1.0469999999991
-1.6339999999997
-1.5959999999997
-1
-1
-1
-1
-1
-1
-1
-1.078
-1
-1.3539999999999
-1.8490000000003
-2.4129999999999
-2.3879999999997
-1.6299999999999
-1.3
-0.050999999999961
4.0880000000018
5.5000000000033
4.9090000000038
5.0690000000022
0.922000000001
-4.3110000000005
-8.1540000000011
-3.4120000000008
6.3999999999985
7.5019999999974
2.255999999998
-1.3320000000006
-1.3349999999995
-1.6899999999995
-1.2609999999997
-1.1879999999998
-1
-1
-1
-1
-1
-1
-1
-1.009
-1
-1.2659999999997
-1.5799999999997
-1.9219999999998
-0.60699999999982
-0.31400000000051
-2.5480000000009
0.39899999999889
7.0880000000022
8.2580000000048
4.9910000000035
-4.2919999999998
-7.220000000002
-7.9730000000002
-7.8910000000001
0.12500000000049
6.6439999999993
7.4849999999973
-0.010000000003015
-1.2660000000021
-2.5639999999996
-1.5179999999994
-1.0519999999999
-1
-1
-1
-1
-1
-1
-1
-1
-1
-1
-1.1199999999999
-1.3199999999997
-1.9629999999996
0.080000000000486
-0.90400000000109
-0.96000000000072
2.449
6.5540000000032
6.3540000000039
0.90600000000286
-4.5599999999989
-5.4220000000001
-5.8529999999983
-0.82599999999664
8.373000000004
10.842000000002
4.2409999999984
-0.91100000000355
-3.5510000000024
-2.6250000000008
-1.3319999999996
-1.0569999999999
-1
-1
-1
-1
-1
-1
-1
-1
-1
-1
-1.1589999999998
-1.3719999999995
-2.0249999999993
-0.63599999999983
0.072999999999098
2.5089999999999
1.4199999999992
-1.0459999999984
1.3530000000034
0.9110000000026
-1.0829999999978
-2.0389999999984
1.3380000000046
8.6980000000065
11.477000000005
8.3130000000022
0.10799999999899
-5.0080000000033
-4.6080000000028
-2.5560000000015
-1.378
-1.1699999999998
-1
-1
-1
-1
-1
-1
-1
-1
-1
-1
-1.1589999999998
-1.4829999999994
-1.9149999999992
-2.4380000000008
1.3239999999984
4.1639999999987
2.2039999999994
-2.9599999999997
-1.9759999999999
-0.046999999999952
0.90100000000263
3.0560000000041
5.6480000000065
9.8530000000074
7.2640000000058
1.506000000001
-2.7630000000012
-5.1450000000029
-4.9630000000033
-2.7110000000018
-1.4250000000005
-1.1979999999998
-1
-1
-1
-1
-1
-1
-1
-1
-1
-1
-1.1589999999998
-1.5079999999994
-1.7419999999993
-2.5030000000015
1.2859999999976
3.2559999999972
2.4389999999991
-0.15300000000107
-0.19200000000099
0.52500000000227
-0.64499999999527
-0.55899999999473
2.5430000000064
9.957000000007
4.8940000000047
-1.7229999999991
-5.6570000000023
-5.2850000000026
-5.1070000000023
-2.668000000001
-1.7150000000001
-1.4619999999994
-1.039
-1
-1
-1
-1
-1
-1
-1
-1
-1
-1.1499999999998
-1.5069999999994
-2.0009999999994
-3.1490000000014
-1.719000000003
1.0589999999966
3.8139999999985
3.8739999999988
1.6000000000011
-0.15899999999624
-3.5809999999939
-2.5599999999938
2.9900000000062
10.194000000005
2.7920000000025
-6.6060000000007
-7.5150000000018
-5.589000000002
-4.9360000000008
-2.886000000001
-2.0869999999998
-1.6069999999992
-1.1599999999998
-1
-1
-1
-1
-1
-1
-1
-1
-1
-1
-1.2919999999996
-2.0800000000001
-3.4280000000011
-4.5050000000036
-2.5810000000037
0.74799999999874
1.8049999999994
1.4750000000018
-1.3759999999955
-4.7329999999929
-1.229999999992
5.3900000000075
8.2440000000062
1.1240000000016
-8.4720000000017
-8.283000000002
-5.0910000000016
-4.576000000002
-2.4810000000019
-1.5730000000004
-1.2879999999996
-1
-1
-1
-1
-1
-1
-1
-1
-1
-1
-1
-1.0630000000002
-1.783000000001
-3.1770000000012
-5.8610000000035
-6.2790000000035
-5.202000000002
-5.6259999999992
-3.6239999999972
-4.4099999999951
-4.775999999993
3.7950000000081
10.390000000008
4.4960000000058
-2.5249999999995
-8.6120000000019
-8.2710000000022
-4.6250000000018
-4.1590000000025
-2.3680000000016
-1.4610000000003
-1.3039999999996
-1
-1
-1
-1
-1
-1
-1
-1
-1
-1
-1
-1.1190000000003
-1.7570000000016
-3.5340000000018
-6.3220000000043
-6.3160000000032
-5.2100000000001
-6.7349999999971
-6.301999999996
-6.3019999999956
-3.112999999994
7.7740000000077
7.8640000000076
-0.19599999999534
-6.1200000000005
-9.1240000000032
-6.4260000000036
-2.9960000000032
-3.5140000000022
-2.6340000000013
-1.8790000000004
-1.4789999999996
-1
-1
-1
-1
-1
-1
-1
-1
-1
-1
-1
-1.0730000000002
-1.9680000000015
-3.8420000000021
-6.0530000000038
-6.308000000003
-5.5510000000003
-6.500999999997
-7.4669999999958
-5.5199999999944
1.5290000000068
7.8740000000075
1.415000000006
-6.7329999999973
-8.2580000000017
-6.8120000000039
-4.543000000005
-2.2090000000031
-3.466000000002
-2.5040000000011
-1.6930000000001
-1.1509999999998
-1
-1
-1
-1
-1
-1
-1
-1
-1
-1
-1
-1.1390000000003
-2.2180000000015
-4.0770000000027
-6.529000000005
-8.0110000000035
-7.5240000000004
-8.2929999999981
-6.7549999999964
-0.84999999999459
4.3850000000054
4.0090000000046
-4.0219999999982
-8.8660000000003
-6.4640000000037
-4.609000000005
-2.3270000000045
-3.245000000003
-3.0360000000013
-2.2090000000003
-1.4809999999999
-1.1159999999999
-1
-1
-1
-1
-1
-1
-1
-1
-1
-1
-1
-1.1530000000004
-2.2280000000018
-3.7570000000022
-6.4920000000047
-8.7530000000049
-10.175000000002
-8.8469999999993
-2.6969999999975
5.1630000000029
5.1570000000023
-2.0869999999995
-5.3720000000018
-6.642000000004
-3.7140000000048
-2.6320000000045
-2.802000000004
-3.2920000000019
-2.8300000000003
-1.7799999999995
-1.2729999999997
-1.2369999999997
-1
-1
-1
-1
-1
-1
-1
-1
-1
-1
-1
-1.1420000000003
-1.9230000000017
-2.8310000000019
-5.1240000000023
-7.821000000004
-10.251000000004
-8.3060000000021
2.4989999999994
5.2929999999984
2.2539999999971
-1.293000000004
-4.8760000000053
-4.2120000000048
-1.5990000000025
-2.1890000000029
-3.0390000000023
-2.5140000000011
-2.1010000000005
-1.4080000000005
-1.0660000000002
-1
-1
-1
-1
-1
-1
-1
-1
-1
-1
-1
-1
-1.104
-1.5040000000004
-2.3700000000011
-3.7790000000017
-5.3430000000015
-6.5480000000012
-2.3350000000003
1.859999999998
1.5969999999968
-1.1560000000037
0.50999999999618
-0.4690000000027
-1.1980000000019
-1.7200000000021
-2.6890000000019
-2.2910000000011
-1.7870000000009
-1.6140000000006
-1.2170000000005
-1.2350000000006
-1
-1
-1
-1
-1
-1
-1
-1
-1
-1
-1
-1
-1.1359999999998
-1.2529999999997
-1.4980000000001
-2.6130000000011
-2.1340000000003
-1.0619999999984
5.5930000000022
5.508
0.67299999999916
-0.76800000000067
-1.7520000000013
1.0519999999993
1.0799999999994
-1.1840000000013
-2.2230000000008
-1.601
-1.2399999999998
-1.135
-1.0230000000001
-1.0990000000002
-1
-1
-1
-1
-1
-1
-1
-1
-1
-1
-1
-1
-1
-1
-0.76699999999992
0.50900000000083
1.4890000000019
5.1000000000029
9.6080000000023
5.6490000000012
1.2150000000015
1.2040000000015
0.23700000000115
1.343000000001
0.92600000000074
0.46900000000029
-1.0299999999998
-1.017
-1.003
-1
-1
-1
-1
-1
-1
-1
-1
-1
-1
-1
-1
-1
-1
-1
-1
-0.96999999999999
0.21500000000048
0.30100000000113
3.0900000000015
3.3960000000012
3.7000000000008
1.6190000000004
0.52900000000082
-0.43699999999905
-0.3079999999991
-0.96899999999947
0.30300000000021
1.2680000000003
-0.62199999999995
-1
-1
-1
-1
-1
-1
-1
-1
-1
-1
-1
-1
-1
-1
-1
-1
-1
-1
-1.1769999999998
-1.3539999999996
-1.2489999999997
-1.0429999999999
-1
-1
-1
-1
-1
-1
-1
-1
-1
-1
-1
-1
-1
-1
-1
-1
-1
-1
-1
-1
-1
-1
-1
-1
-1
-1
-1
-1
-1
-1
-1
-1
-1
-1
-1
-1
-1
-1
-1
-1
-1
-1
-1
-1
-1
-1
-1
-1
-1
-1
-1
-1
-1
-1
-1
-1
-1
-1
-1
-1
-1
-1
-1
-1
-1
-1
-1
-1
-1
-1
-1
-1
-1
-1
-1
-1
-1
-1
-1
-1
-1
-1
-1
-1
-1
-0.96999999999997
-0.95999999999997
-1.04
-0.98999999999997
-0.98999999999997
-1.05
-0.98999999999997
-0.99999999999997
-1.02
-0.98999999999997
