0.9
0.9
0.9
0.9
0.9
0.9
0.9
0.9
0.9
0.9
0.9
0.9
0.9
0.9
0.9
0.9
0.9
0.9
0.9
0.9
0.9
0.9
0.9
0.9
0.9
0.9
0.9
0.9
0.9
0.9
0.9
0.9
0.9
0.9
0.9
0.9
0.9
0.9
0.9
0.9
0.9
0.9
0.9
0.9
0.9
0.9
0.9
0.9
0.9
0.9
0.9
0.9
0.9
0.9
0.9
0.9
0.9
0.9
0.9
0.9
0.9
0.9
0.9
0.9
0.9
0.9
0.9
0.9
0.9
0.9
0.9
0.9
0.9
0.9
0.9
0.9
0.9
0.9
0.9
0.9
0.9
0.9
0.9
0.9
0.9
0.9
0.9
0.9
0.9
0.9
0.9
0.9
0.9
0.9
0.9
0.9
0.9
0.9
0.9
0.9
0.9
0.9
0.9
0.9
0.9
0.9
0.9
0.9
0.9
0.9
0.9
0.9
0.9
0.9
0.9
0.9
0.9
0.9
0.9
0.9
0.9
0.9
0.9
0.9
0.9
0.9
0.9
0.9
0.9
0.9
0.9
0.9
0.9
0.9
0.9
0.9
0.9
0.9
0.9
0.9
0.9
0.9
0.9
0.9
0.8995
0.87340000000003
0.8197000000001
0.82870000000009
0.83580000000008
0.86470000000004
0.89100000000001
0.9
0.9
0.9
0.9
0.9
0.9
0.9
0.9
0.9
0.9
0.9
0.9
0.9
0.9
0.9
0.9
0.9
0.9
0.9
0.9
0.9
0.9792
1.6722
2.4444
3.6024
4.3959
3.5702000000001
3.0605000000002
1.2864000000002
0.78960000000009
0.85160000000005
0.89400000000001
0.9
0.9
0.9
0.9
0.9
0.9
0.9
0.9
0.9
0.9
0.9
0.9
0.9
0.9
0.9
0.9
0.9
0.9
0.9
0.9
2.0484
2.5803
4.5818999999999
9.3375
13.2193
14.3954
17.6352
15.6244
9.0340000000001
6.1287
2.9889
3.3476
2.0286
2.7711
2.781
0.9
0.9
0.9
0.9
0.9
0.9
0.9
0.9
0.9
0.9
0.9
1.0275
1.1376
1.7819
2.7568999999999
3.3990999999999
3.7463999999999
9.1116999999999
12.2372
21.1959
28.9732
35.51
38.4286
43.7069
44.6052
36.9683
28.2126
17.0227
12.8041
14.5989
8.4078000000001
3.8799
0.9
0.9
0.9
0.9
0.9
0.9
0.9
0.9
0.9
0.9
0.9
2.1922999999999
4.7744999999999
5.1832999999999
4.1209999999999
5.9740999999999
11.6907
17.6326
26.7575
35.0447
39.2359
45.8814
53.411
56.5243
60.0767
61.3456
57.381099999999
41.1032
33.7829
32.1607
21.3606
12.9879
6.3846
1.5336
0.9
0.9
0.9
0.9
0.9
0.9
0.9
0.9
0.9
2.6246999999999
7.7693999999999
10.372
10.4104
13.3646
21.8863
32.2301
40.3848
44.3263
53.2426
64.6751
68.8502
72.6019
77.3407
78.9592
79.1798
71.0472
51.4625
41.4985
24.9111
14.5719
8.4636
5.3649
0.9
0.9
0.9
0.9
0.9
0.9
0.9
0.9
0.9
3.7745
10.3588
14.1504
16.2521
21.9322
27.1579
41.9738
52.0074
59.1689
70.8793
76.004
74.1795
70.3418
71.889
80.5277
85.9148
86.6634
75.189
53.2036
24.525
12.0983
7.1766
6.8004
0.9
0.9
0.9
0.9
0.9
0.9
0.9
1.6722
0.9
1.8546
6.7751
12.3787
15.5352
18.192
20.258
38.8659
52.1688
60.855
66.2299
67.7939
56.6152
54.0829
60.7016
76.4408
88.018
94.2162
79.0576
49.2948
18.8685
7.3750000000001
3.4839
2.7612
0.9
0.9
0.9
0.9
0.9
0.9
0.9
0.9891
0.9
1.3634
4.542
8.6548
11.6343
15.5466
21.1002
34.7549
51.4478
61.4818
59.4841
47.9838
38.088
39.2957
52.8719
77.4535
91.3514
88.9035
70.305
36.3654
12.1626
3.2962000000001
1.4148
0.9
0.9
0.9
0.9
0.9
0.9
0.9
0.9
0.9
0.9
2.088
4.068
8.3997
12.141
20.5776
26.625
44.6979
54.9774
61.7294
62.1536
51.845
39.9738
40.3337
60.7474
81.6363
83.5832
76.6361
55.8219
24.2319
8.6804999999999
1.1218
0.95130000000001
0.9
0.9
0.9
0.9
0.9
0.9
0.9
0.9
0.9
0.9
2.4741
4.5828
8.7525000000001
13.8294
25.0533
34.3509
44.672
53.4154
60.3103
58.1521
57.0997
45.8091
58.5738
77.153800000001
81.718700000001
76.9673
64.0798
34.1132
14.9152
5.6193999999999
1.2402
1.053
0.9
0.9
0.9
0.9
0.9
0.9
0.9
0.9
0.9
0.9
2.4741
5.6817000000001
7.6635000000001
13.4892
23.0994
29.7754
37.4694
43.25
50.7464
52.9513
58.0381
59.5186
73.607800000001
82.128300000001
79.829400000001
72.5666
44.1287
23.8695
10.2617
4.5918999999998
1.5705
1.0782
0.9
0.9
0.9
0.9
0.9
0.9
0.9
0.9
0.9
0.9
2.4741
5.9292000000001
5.9508000000001
10.6317
19.4616
27.0226
34.2519
35.9657
48.0828
62.0845
67.0115
69.948100000001
81.098300000001
90.284700000001
75.7384
56.6957
34.6453
20.2345
8.1402999999998
5.3401999999999
4.8375
3.1788000000001
1.2861
0.9
0.9
0.9
0.9
0.9
0.9
0.9
0.9
0.9
2.385
5.9193000000001
7.5609000000001
12.4191
19.9831
31.2509
42.1934
49.5294
56.142
65.0411
71.126900000001
73.861000000001
88.807000000001
91.710400000001
73.6832
56.9204
39.9075
22.2251
9.8263999999999
8.9683999999999
8.0433
4.6143000000001
2.484
0.9
0.9
0.9
0.9
0.9
0.9
0.9
0.9
0.9
0.9
3.7908
7.038
12.4182
20.2685
30.8339
43.1018
49.3435
53.4365
57.6974
61.264700000001
69.603000000001
83.023000000001
84.950400000001
68.1654
54.4228
40.0267
20.9669
9.8043999999998
5.6978999999998
2.2627
1.4562
0.9
0.9
0.9
0.9
0.9
0.9
0.9
0.9
0.9
0.9
0.9
0.95669999999998
3.4946999999999
10.2933
24.2079
29.4271
33.5508
40.6404
43.3386
46.162
53.222400000001
69.659500000001
81.025000000001
74.475600000001
58.6075
42.1738
32.5679
19.3695
9.1110999999998
3.9031999999998
1.7199
1.6146
0.9
0.9
0.9
0.9
0.9
0.9
0.9
0.9
0.9
0.9
0.9
1.0071
2.4272999999998
13.6476
26.2188
27.2164
34.367
35.6135
31.3918
33.0498
47.270700000001
60.847400000001
67.583400000001
59.5704
48.232
37.8776
28.3904
20.4184
12.4266
8.5645999999999
5.6961
3.8601
0.9
0.9
0.9
0.9
0.9
0.9
0.9
0.9
0.9
0.9
0.9
0.96569999999998
5.4431999999999
18.1818
27.1157
27.7412
33.8869
37.6019
37.3833
41.863000000001
52.039900000001
62.542400000001
63.227500000001
55.5887
52.0442
42.8998
29.9917
17.9901
11.1484
8.6505999999999
3.9897
1.3689
0.9
0.9
0.9
0.9
0.9
0.9
0.9
0.9
0.9
0.9
0.9
1.6191
9.0161999999998
22.2363
35.8611
40.6729
44.5446
47.5087
52.0655
57.152000000001
60.351500000001
64.4869
66.3988
54.5484
46.8206
37.1121
20.1003
12.4075
9.8833999999999
6.5861
3.4749
2.0484
0.9
0.9
0.9
0.9
0.9
0.9
0.9
0.9
0.9
0.9
0.9
1.7577
9.7361999999998
21.8943
36.0588
47.9567
53.3815
62.0153
62.4113
70.5303
72.1627
72.6783
66.5708
49.0248
41.1706
28.9978
16.5118
11.5678
9.63
4.992
3.3417
3.2463
0.9
0.9
0.9
0.9
0.9
0.9
0.9
0.9
0.9
0.9
0.9
1.7478
7.1756999999998
14.4549
29.5126
43.5129
54.4989
66.9754
74.9639
73.5123
71.1154
68.3957
54.685399999999
37.9448
30.6261
19.9261
12.9531
8.3985999999999
7.8648999999999
3.8892
1.5534
0.9
0.9
0.9
0.9
0.9
0.9
0.9
0.9
0.9
0.9
0.9
0.9
1.9296
5.1426
11.457
22.1331
32.9767
46.3232
58.6475
59.779
54.5257
52.9884
46.217
31.4451
23.5102
18.085
11.0451
7.5968999999999
5.3072999999999
4.4485999999999
2.9982999999999
3.2264999999999
0.9
0.9
0.9
0.9
0.9
0.9
0.9
0.9
0.9
0.9
0.9
0.9
2.2464
3.4047
5.1372
13.9437
28.2276
41.6238
42.7943
32.9408
24.9023
25.9202
21.3138
14.3572
16.954
12.3916
8.5786999999999
3.6629
1.266
1.4565
1.1177
1.8801
0.9
0.9
0.9
0.9
0.9
0.9
0.9
0.9
0.9
0.9
0.9
0.9
0.9
0.9
1.5633
7.5429000000001
15.2029
17.775
17.1638
9.6869000000001
12.3905
16.6354
14.3367
8.8393000000001
6.7306000000001
2.6769
0.99600000000002
0.8983
0.8997
0.9
0.9
0.9
0.9
0.9
0.9
0.9
0.9
0.9
0.9
0.9
0.9
0.9
0.9
0.9
0.9
0.999
4.7115
9.3591000000001
9.1560000000002
6.3456000000001
4.5390000000001
3.5809
9.4239000000001
12.1563
9.0972000000001
5.1471000000001
2.5533
3.3948
1.3158
0.9
0.9
0.9
0.9
0.9
0.9
0.9
0.9
0.9
0.9
0.9
0.9
0.9
0.9
0.9
0.9
0.9
0.9
2.6523
4.4046
3.3651
1.3257
0.9
0.9
0.9
0.9
0.9
0.9
0.9
0.9
0.9
0.9
0.9
0.9
0.9
0.9
0.9
0.9
0.9
0.9
0.9
0.9
0.9
0.9
0.9
0.9
0.9
0.9
0.9
0.9
0.9
0.9
0.9
0.9
0.9
0.9
0.9
0.9
0.9
0.9
0.9
0.9
0.9
0.9
0.9
0.9
0.9
0.9
0.9
0.9
0.9
0.9
0.9
0.9
0.9
0.9
0.9
0.9
0.9
0.9
0.9
0.9
0.9
0.9
0.9
0.9
0.9
0.9
0.9
0.9
0.9
0.9
0.9
0.9
0.9
0.9
0.9
0.9
0.9
0.9
0.9
0.9
0.9
0.9
0.9
0.9
0.9
0.9
0.9
0.9
0.9
0.9
0.9
0.9
0.9
0.9
0.9
0.9
0.9
0.9
0.9
0.9
0.9
0.9
0.9
0.9
0.9
0.9
0.9
0.9
0.9
0.9
0.9
0.9
0.9
0.9
0.9
0.9
0.9
0.9
0.9
0.9
0.9
0.9
0.9
0.9
0.9
0.9
0.9
0.9
0.9
0.9
0.9
0.9
0.9
0.9
0.9
0.9
0.9
0.9
0.9
0.9
0.9
0.9
0.9
0.9
0.9
0.9
0.9
0.9
0.9
0.9
0.9
0.9
0.9
0.9
0.9
0.9
0.9
0.9
0.9
0.9
0.9
0.9
0.9
0.9
0.9
0.9
0.9
0.9
0.9
0.9
0.9
0.9
0.9
0.9
0.9
0.9
0.9
0.9
0.9
0.9
0.9
0.9
0.9
0.9
0.9
0.9
0.9
0.9
0.9
0.9
0.9
0.9
0.9
0.9
0.9
0.9
0.9
0.9
0.9
0.9
0.9
0.9
0.9
0.9
0.9
0.9
0.9
0.9
0.9
0.9
0.9
0.9
0.9
0.9
0.9
0.9
0.9
0.9
0.9
0.9
0.9
0.9
0.9
0.9
0.9
0.9
0.9
0.9
0.9
0.8995
0.87340000000003
0.8197000000001
0.82870000000009
0.83580000000008
0.86470000000004
0.89100000000001
0.9
0.9
0.9
0.9
0.9
0.9
0.9
0.9
0.9
0.9
0.9
0.9
0.9
0.9
0.9
0.9
0.9
0.9
0.9
0.9
0.9
0.8992
0.89219999999998
0.88439999999996
0.29639999999996
-0.88309999999998
-1.3437999999999
-1.2674999999998
0.24140000000017
0.78960000000009
0.85160000000005
0.89400000000001
0.9
0.9
0.9
0.9
0.9
0.9
0.9
0.9
0.9
0.9
0.9
0.9
0.9
0.9
0.9
0.9
0.9
0.9
0.9
0.9
0.88839999999997
0.88229999999996
0.85589999999994
0.33549999999995
-1.0167
-1.3965999999999
-3.4417999999999
-2.1595999999998
-1.1879999999999
0.82769999999998
1.0569
1.0686
0.88860000000001
0.88110000000002
0.88100000000002
0.9
0.9
0.9
0.9
0.9
0.9
0.9
0.9
0.9
0.9
0.9
0.89749999999999
0.88759999999997
0.88189999999996
0.86689999999992
0.8590999999999
0.84639999999988
0.78869999999989
0.79419999999988
0.39689999999992
-1.0248000000001
-1.1420000000001
-1.4934000000001
-3.9861000000001
-2.1658000000002
-1.3027000000004
1.2215999999995
1.5386999999998
1.2671
0.79890000000012
0.82380000000009
0.86990000000004
0.9
0.9
0.9
0.9
0.9
0.9
0.9
0.9
0.9
0.9
0.9
0.87229999999994
0.83449999999987
0.82329999999987
0.81099999999991
0.78409999999989
0.72569999999988
0.61459999999987
-0.18350000000015
-1.7543000000002
-1.6351000000002
-1.3356000000002
-1.9450000000002
-4.2737000000002
-1.7093000000003
-0.68040000000044
1.3930999999994
1.4351999999996
1.1048999999999
0.67470000000007
0.68560000000016
0.77790000000011
0.84460000000003
0.89360000000001
0.9
0.9
0.9
0.9
0.9
0.9
0.9
0.9
0.9
0.83469999999994
0.77939999999993
0.75199999999991
0.73039999999991
0.68559999999992
0.54529999999997
-0.25890000000011
-1.8292000000001
-2.0797000000002
-1.9594
-1.7179
-3.1578
-4.2171
-1.1843000000002
1.7231999999997
3.6717999999997
1.6421999999997
0.66349999999985
0.50049999999992
0.64410000000004
0.76190000000008
0.82360000000002
0.85490000000003
0.9
0.9
0.9
0.9
0.9
0.9
0.9
0.9
0.9
0.83449999999998
0.75879999999996
0.73040000000001
0.70309999999998
0.6182
0.51790000000003
-1.3202000000001
-2.1096000000001
-2.2680999999999
-1.7206999999996
-2.9229999999997
-3.4614999999998
-2.9171999999999
1.167
2.9136999999998
2.1437999999998
0.53639999999977
-0.01700000000018
0.25959999999994
0.64800000000004
1.6283000000001
0.83660000000003
0.84040000000003
0.9
0.9
0.9
0.9
0.9
0.9
0.9
0.8922
0.9
0.86460000000001
0.81509999999997
0.75870000000001
0.70920000000003
0.66900000000001
0.618
-0.8781
-2.0801999999998
-1.3289999999997
-1.7010999999996
-2.1190999999998
-1.0127999999999
-1.9611000000001
1.8495999999999
2.3377999999999
1.0499999999999
0.18719999999974
-0.1584000000002
0.25479999999994
0.68350000000005
1.7750000000001
0.87390000000003
0.88120000000002
0.9
0.9
0.9
0.9
0.9
0.9
0.9
0.8991
0.9
0.87340000000003
0.84200000000003
0.80780000000002
0.76830000000002
0.71559999999995
0.63019999999991
0.31589999999989
-0.21719999999978
-1.0871999999995
-0.75589999999965
-1.0162
-0.38200000000021
-0.38930000000002
2.1679
1.1215
0.49339999999993
-0.11150000000027
-0.082000000000302
0.36039999999979
0.73560000000004
1.7982000000001
0.89480000000001
0.9
0.9
0.9
0.9
0.9
0.9
0.9
0.9
0.9
0.9
0.88800000000001
0.86800000000003
0.80370000000004
0.65200000000005
0.11359999999989
-0.33400000000007
-1.1101
-2.0605999999997
-1.2505999999996
0.044600000000286
0.14400000000011
-0.26620000000001
0.40070000000017
2.0344000000003
0.4883000000004
0.11220000000016
-0.18190000000016
0.027899999999645
0.45089999999976
0.73749999999992
1.6368
0.89430000000001
0.9
0.9
0.9
0.9
0.9
0.9
0.9
0.9
0.9
0.9
0.88410000000002
0.86280000000005
0.79750000000007
0.36640000000002
-1.3647000000001
-1.8631
-2.0440000000001
-0.62259999999984
0.87830000000034
1.7231000000003
-0.30729999999978
0.19010000000016
1.5168000000005
1.3588000000007
-0.081299999999459
-0.083699999999779
-0.048200000000101
0.17819999999967
0.52619999999972
0.74439999999985
0.8622
0.88300000000002
0.9
0.9
0.9
0.9
0.9
0.9
0.9
0.9
0.9
0.9
0.88410000000002
0.85170000000006
0.80850000000008
0.72219999999992
0.51139999999984
0.022399999999867
0.53739999999994
2.204
2.4124
1.7723
0.66210000000026
1.3736000000004
1.3948000000007
0.45630000000074
-0.81159999999942
-0.1273999999999
0.13969999999988
0.73049999999971
1.3536999999997
0.97889999999982
0.85749999999995
0.88020000000002
0.9
0.9
0.9
0.9
0.9
0.9
0.9
0.9
0.9
0.9
0.88410000000002
0.84920000000006
0.82580000000007
0.72769999999985
0.57559999999976
0.39459999999972
0.21489999999991
1.6386999999999
2.5317999999999
3.1125000000002
2.7395000000005
2.6961000000005
2.0143000000006
0.3287000000007
-0.037599999999534
1.4667000000001
2.3062999999998
2.7404999999997
3.0292999999998
1.4831999999999
0.82849999999999
0.85380000000006
0.8961
0.9
0.9
0.9
0.9
0.9
0.9
0.9
0.9
0.9
0.88500000000002
0.84930000000006
0.79990000000006
0.66909999999986
0.5140999999997
0.26989999999966
0.081399999999845
0.054399999999879
1.0000000000001
1.9261000000004
1.8749000000006
2.8940000000006
2.3610000000006
0.09840000000052
1.2542000000002
2.2893999999999
2.3414999999998
2.1110999999998
1.9863999999999
1.1013999999999
0.79130000000002
0.83930000000008
0.88400000000002
0.9
0.9
0.9
0.9
0.9
0.9
0.9
0.9
0.9
0.9
0.87080000000004
0.79199999999999
0.65719999999989
0.46849999999964
0.22889999999963
0.10079999999987
0.058499999999936
0.75050000000018
0.61540000000045
1.5617000000007
2.7780000000008
0.96200000000075
-2.0415999999994
-0.73559999999984
0.065799999999832
-0.2313000000002
0.14589999999984
0.5173999999998
0.75189999999981
1.5527
0.87120000000004
0.9
0.9
0.9
0.9
0.9
0.9
0.9
0.9
0.9
0.9
0.9
0.89369999999998
0.8216999999999
0.68229999999988
0.41389999999965
0.23809999999965
0.2027999999998
0.33840000000008
1.2496000000003
1.1240000000005
2.8864000000007
1.8695000000008
-0.74399999999923
-1.9373999999994
-0.49249999999995
-1.1362000000002
-1.9361000000002
-1.0105000000002
0.56709999999975
0.76319999999984
1.2139
0.86960000000004
0.9
0.9
0.9
0.9
0.9
0.9
0.9
0.9
0.9
0.9
0.9
0.88809999999997
0.82429999999984
0.64659999999982
0.36779999999957
0.26539999999968
0.26299999999999
0.56150000000029
1.1678000000004
0.70080000000044
2.3087000000006
0.46440000000077
-1.0605999999992
-1.6645999999995
-1.449
-2.4094000000003
-2.3276000000004
-2.6186000000003
-0.09540000000022
0.73659999999987
0.81209999999996
0.85210000000004
0.9
0.9
0.9
0.9
0.9
0.9
0.9
0.9
0.9
0.9
0.9
0.89269999999998
0.80319999999985
0.61579999999979
0.34069999999962
-0.092800000000296
-0.93010000000003
-0.9900999999997
-0.65869999999958
-0.46699999999944
-0.44009999999932
-2.8845999999992
-3.9094999999994
-3.8212999999997
-4.5368000000002
-4.3612000000004
-4.0553000000005
-2.9879000000003
-0.5886000000002
0.74959999999989
0.83069999999999
0.88490000000002
0.9
0.9
0.9
0.9
0.9
0.9
0.9
0.9
0.9
0.9
0.9
0.88609999999997
0.77819999999985
0.38529999999973
-1.1559000000005
-2.1211000000003
-1.7584
-1.3192999999998
-1.4464999999996
-0.19399999999946
-2.3104999999995
-3.1100999999995
-3.1201999999998
-3.4106
-3.3194000000004
-3.1429000000005
-1.3357000000004
-0.6895000000003
0.30039999999987
0.77909999999997
0.85190000000001
0.88840000000001
0.9
0.9
0.9
0.9
0.9
0.9
0.9
0.9
0.9
0.9
0.9
0.88469999999996
0.77719999999982
-0.39270000000022
-1.9352000000005
-2.0703000000005
-1.4565000000002
-1.1166999999999
0.79130000000025
0.52330000000029
-1.5712999999998
-1.6806999999999
-1.9102000000002
-2.0732000000004
-1.1364000000005
0.26579999999955
0.5887999999996
0.67079999999981
0.71699999999997
0.82200000000005
0.87270000000003
0.87630000000003
0.9
0.9
0.9
0.9
0.9
0.9
0.9
0.9
0.9
0.9
0.9
0.88579999999997
0.80769999999983
0.42889999999981
-1.3934000000002
-1.1811000000004
0.27389999999964
2.0713999999998
0.85189999999994
-1.0737000000002
-1.3326000000003
-1.1483000000004
-0.55860000000053
-0.089200000000478
0.54209999999975
0.58909999999971
0.67509999999977
0.74859999999989
0.78989999999995
0.85919999999995
0.89339999999998
0.9
0.9
0.9
0.9
0.9
0.9
0.9
0.9
0.9
0.9
0.9
0.9
0.8896
0.84959999999996
0.76299999999989
0.62209999999983
0.64869999999985
1.6141999999999
3.8825
2.4249999999998
0.40469999999968
0.58039999999963
0.77299999999962
0.91709999999973
0.74619999999981
0.82399999999979
0.74209999999981
0.77089999999989
0.82129999999991
0.83859999999994
0.87829999999995
0.87649999999994
0.9
0.9
0.9
0.9
0.9
0.9
0.9
0.9
0.9
0.9
0.9
0.9
0.88640000000002
0.87470000000003
0.85019999999999
0.72369999999989
0.62559999999997
2.4558000000002
2.9043000000002
1.1688
0.54429999999992
0.70119999999993
0.95779999999987
0.92019999999993
0.69599999999994
0.72559999999987
0.77769999999992
0.8399
0.87600000000002
0.8865
0.89769999999999
0.89009999999998
0.9
0.9
0.9
0.9
0.9
0.9
0.9
0.9
0.9
0.9
0.9
0.9
0.9
0.9
0.89330000000001
0.83290000000008
0.9329000000002
2.9950000000003
1.3338000000002
0.78690000000012
0.76050000000015
0.72540000000015
0.75670000000011
0.8193000000001
0.84060000000007
0.87690000000003
0.88600000000002
0.8983
0.8997
0.9
0.9
0.9
0.9
0.9
0.9
0.9
0.9
0.9
0.9
0.9
0.9
0.9
0.9
0.9
0.9
0.899
0.86150000000005
0.80910000000011
2.5160000000002
1.8956000000001
0.83900000000008
0.87090000000004
0.81390000000008
0.78630000000009
0.81720000000009
0.85710000000005
0.88330000000002
0.87480000000003
0.89580000000001
0.9
0.9
0.9
0.9
0.9
0.9
0.9
0.9
0.9
0.9
0.9
0.9
0.9
0.9
0.9
0.9
0.9
0.9
0.88230000000002
0.86460000000004
0.87510000000003
0.89570000000001
0.9
0.9
0.9
0.9
0.9
0.9
0.9
0.9
0.9
0.9
0.9
0.9
0.9
0.9
0.9
0.9
0.9
0.9
0.9
0.9
0.9
0.9
0.9
0.9
0.9
0.9
0.9
0.9
0.9
0.9
0.9
0.9
0.9
0.9
0.9
0.9
0.9
0.9
0.9
0.9
0.9
0.9
0.9
0.9
0.9
0.9
0.9
0.9
0.9
0.9
0.9
0.9
0.9
0.9
0.9
0.9
0.9
0.9
0.9
0.9
0.9
0.9
0.9
0.9
0.9
0.9
0.9
0.9
0.9
0.9
0.9
0.9
0.9
0.9
0.9
0.9
0.9
0.9
0.9
0.9
0.9
0.9
0.9
0.9
0.9
0.9
0.9
0.9
0.9
0.9
0.9
0.9
0.9
0.9
0.9
0.9
0.9
0.9
0.9
0.9
0.9
0.9
0.9
0.9
0.9
0.9
0.9
0.9
0.9
0.9
0.9
0.9
0.9
0.9
0.9
0.9
0.9
0.9
0.9
0.9
0.9
0.9
0.9
0.9
0.9
0.9
0.9
0.9
0.9
0.9
0.9
0.9
0.9
0.9
0.9
0.9
0.9
0.9
0.9
0.9
0.9
0.9
0.9
0.9
0.9
0.9
0.9
0.9
0.9
0.9
0.9
0.9
0.9
0.9
0.9
0.9
0.9
0.9
0.9
0.9
0.9
0.9
0.9
0.9
0.9
0.9
0.9
0.9
0.9
0.9
0.9
0.9
0.9
0.9
0.9
0.9
0.9
0.9
0.9
0.9
0.9
0.9
0.9
0.9
0.9
0.9
0.9
0.9
0.9
0.9
0.9
0.9
0.9
0.9
0.9
0.9
0.9
0.9
0.9
0.9
0.9
0.9
0.9
0.9
0.9
0.9
0.9
0.9
0.9
0.9
0.9
0.9
0.9
0.9
0.9
0.9
0.9
0.9
0.9
0.9
0.9
0.9
0.9
0.9
0.9
0.9
0.9
0.9
0.9
0.8995
0.87340000000003
0.8197000000001
0.82870000000009
0.83580000000008
0.86470000000004
0.89100000000001
0.9
0.9
0.9
0.9
0.9
0.9
0.9
0.9
0.9
0.9
0.9
0.9
0.9
0.9
0.9
0.9
0.9
0.9
0.9
0.9
0.9
0.8272
0.19019999999998
-0.51960000000004
-1.0086
-0.64909999999998
0.39320000000013
0.6315000000002
0.73640000000017
0.78960000000009
0.85160000000005
0.89400000000001
0.9
0.9
0.9
0.9
0.9
0.9
0.9
0.9
0.9
0.9
0.9
0.9
0.9
0.9
0.9
0.9
0.9
0.9
0.9
0.9
-0.15560000000003
-0.53070000000004
-1.4121000000001
-2.5445
-3.1317
-3.6775999999999
-4.8127999999999
-3.6375999999998
-0.72399999999988
0.24669999999998
0.80290000000001
0.84460000000005
0.88860000000001
0.88110000000002
0.88100000000002
0.9
0.9
0.9
0.9
0.9
0.9
0.9
0.9
0.9
0.9
0.9
0.89749999999999
0.88759999999997
0.16189999999996
-0.83410000000008
-1.4269000000001
-1.4486000000001
-4.7193000000001
-5.7088000000001
-7.8531000000001
-8.8988000000001
-9.4310000000001
-9.3094000000001
-9.7081000000001
-8.7398000000002
-5.8257000000004
-2.8384000000005
-0.94430000000022
0.50009999999996
0.70890000000012
0.82380000000009
0.86990000000004
0.9
0.9
0.9
0.9
0.9
0.9
0.9
0.9
0.9
0.9
0.9
0.87229999999994
0.11449999999987
-1.3547000000001
-1.8170000000001
-2.4649000000001
-3.9543000000001
-7.6114000000001
-10.2275
-11.0183
-11.0221
-11.0596
-11.824
-12.7837
-13.4853
-12.9084
-8.8049000000006
-4.1878000000004
-1.8871000000001
-0.62029999999993
0.28060000000016
0.77790000000011
0.84460000000003
0.89360000000001
0.9
0.9
0.9
0.9
0.9
0.9
0.9
0.9
0.9
0.83469999999994
-0.12960000000007
-1.9300000000001
-3.4546000000001
-4.8404000000001
-6.2947
-10.1769
-10.3342
-9.2257000000002
-9.1444
-9.9019
-8.2398
-8.4181
-12.8373
-13.6318
-12.4192
-7.7948000000003
-2.9675000000002
-1.8805000000001
-0.30989999999996
0.76190000000008
0.82360000000002
0.85490000000003
0.9
0.9
0.9
0.9
0.9
0.9
0.9
0.9
0.9
0.83449999999998
-1.5002
-3.6436
-3.8599
-4.8178
-5.8271
-9.0782000000001
-9.4896000000001
-7.5940999999999
-5.9026999999996
-5.1089999999997
-5.1044999999998
-4.9341999999999
-6.733
-10.6813
-13.3282
-9.4596000000002
-5.7380000000002
-3.6544000000001
-0.45899999999996
0.77830000000009
0.83660000000003
0.84040000000003
0.9
0.9
0.9
0.9
0.9
0.9
0.9
0.8922
0.9
0.86460000000001
-0.28290000000003
-2.3463
-2.3958
-1.806
-0.723
-3.8121
-4.6541999999998
-4.4059999999997
-4.5220999999996
-4.9570999999998
-4.5677999999999
-4.2411000000001
-5.2654000000001
-8.4782000000001
-13.336
-9.6068000000003
-6.5304000000002
-4.2002000000001
-0.48649999999995
0.82500000000005
0.87390000000003
0.88120000000002
0.9
0.9
0.9
0.9
0.9
0.9
0.9
0.8991
0.9
0.87340000000003
0.84200000000003
0.80780000000002
0.76830000000002
0.71559999999995
0.55819999999991
-1.3221000000001
-2.1611999999998
-2.4791999999995
-2.2518999999997
-2.6282
-1.9500000000002
-3.2433
-6.1281
-9.8705
-11.8846
-10.3335
-7.1110000000003
-2.9156000000002
-0.42539999999996
0.84820000000006
0.89480000000001
0.9
0.9
0.9
0.9
0.9
0.9
0.9
0.9
0.9
0.9
0.88800000000001
0.86800000000003
0.80370000000004
0.76000000000005
0.64459999999989
0.54799999999993
0.014899999999996
-1.1695999999997
-0.80659999999961
-0.45239999999971
-0.16299999999989
-1.9802
-3.9132999999998
-4.8155999999997
-7.2586999999996
-9.6237999999998
-10.4469
-7.0371000000004
-2.6091000000002
-1.0535000000001
0.86680000000004
0.89430000000001
0.9
0.9
0.9
0.9
0.9
0.9
0.9
0.9
0.9
0.9
0.88410000000002
0.86280000000005
0.79750000000007
0.73540000000002
0.57929999999991
0.42289999999999
0.18199999999992
-0.14159999999984
-0.28469999999966
-0.17489999999974
-2.2422999999998
-4.6118999999998
-4.8191999999995
-4.4151999999993
-6.0932999999995
-8.0416999999998
-8.8772000000001
-5.3388000000003
-2.3178000000003
-0.038600000000148
0.8622
0.88300000000002
0.9
0.9
0.9
0.9
0.9
0.9
0.9
0.9
0.9
0.9
0.88410000000002
0.85170000000006
0.80850000000008
0.72219999999992
0.57439999999984
0.41839999999987
0.17339999999994
-0.065999999999968
-0.54159999999999
-2.0787
-5.6528999999997
-5.9433999999996
-6.1471999999993
-4.9846999999993
-6.3705999999994
-8.5583999999999
-7.2403000000001
-4.3485000000003
-1.8363000000003
0.53089999999982
0.85749999999995
0.88020000000002
0.9
0.9
0.9
0.9
0.9
0.9
0.9
0.9
0.9
0.9
0.88410000000002
0.84920000000006
0.82580000000007
0.72769999999985
0.57559999999976
0.39459999999972
0.13989999999991
-0.54530000000011
-3.3652000000001
-6.5274999999998
-7.8664999999995
-7.4598999999995
-6.5706999999994
-5.9962999999993
-7.4505999999995
-6.6582999999999
-4.8287000000002
-4.2955000000003
-1.3827000000002
0.5531999999999
0.22549999999999
-0.26219999999994
0.5451
0.9
0.9
0.9
0.9
0.9
0.9
0.9
0.9
0.9
0.88500000000002
0.84930000000006
0.79990000000006
0.66909999999986
0.4960999999997
-0.60310000000034
-2.6636000000002
-6.3786000000001
-8.6169999999999
-9.0328999999996
-8.6190999999994
-6.3309999999994
-6.1339999999994
-7.4455999999995
-9.0357999999998
-8.6906000000001
-7.2975000000002
-4.6939000000002
-1.9236000000001
-1.3136000000001
-1.4947
-1.3296999999999
-0.55599999999998
0.9
0.9
0.9
0.9
0.9
0.9
0.9
0.9
0.9
0.9
0.87080000000004
0.79199999999999
0.65719999999989
-0.51250000000036
-3.2451000000004
-6.6942000000001
-8.6195000000001
-9.0494999999998
-7.9985999999996
-5.4042999999993
-5.5359999999992
-9.0189999999992
-9.2625999999994
-9.0695999999998
-9.0332000000002
-8.4583000000002
-4.8131000000002
-2.7496000000002
-0.39110000000019
0.37469999999996
0.57420000000004
0.9
0.9
0.9
0.9
0.9
0.9
0.9
0.9
0.9
0.9
0.9
0.89369999999998
0.8216999999999
0.55629999999988
-4.9321000000004
-8.5009000000004
-9.5892000000002
-10.4696
-8.4393999999997
-6.6469999999995
-6.7115999999993
-8.5934999999992
-9.2389999999992
-9.0373999999994
-7.7524999999999
-5.3672000000002
-5.1361000000002
-4.2415000000002
-2.9159000000002
0.088199999999841
0.41289999999997
0.42860000000004
0.9
0.9
0.9
0.9
0.9
0.9
0.9
0.9
0.9
0.9
0.9
0.88809999999997
0.79729999999984
-3.3764000000002
-8.4882000000004
-8.6806000000003
-8.881
-7.4844999999997
-5.0191999999996
-3.1601999999996
-4.3092999999994
-4.6675999999992
-6.7925999999992
-5.6265999999995
-4.32
-2.8724000000003
-4.3536000000004
-5.1476000000003
-5.6844000000002
-5.0684000000001
-3.1929
-1.6769
0.9
0.9
0.9
0.9
0.9
0.9
0.9
0.9
0.9
0.9
0.9
0.89269999999998
-0.57380000000015
-6.6742000000002
-8.3263000000004
-5.5018000000003
-6.2791
-6.1220999999997
-6.9336999999996
-6.1229999999994
-4.6410999999993
-6.5215999999992
-6.3074999999994
-5.3572999999997
-4.8338000000002
-4.5672000000004
-4.2523000000005
-3.1589000000003
-4.5036000000002
-5.2264000000001
-1.6353
0.55190000000002
0.9
0.9
0.9
0.9
0.9
0.9
0.9
0.9
0.9
0.9
0.9
0.88609999999997
-1.4088000000002
-6.0947000000003
-8.2569000000005
-6.2611000000003
-6.8634
-11.1343
-11.3015
-10.804999999999
-10.351499999999
-9.0380999999995
-7.5891999999998
-6.3536
-5.0324000000004
-4.3659000000005
-3.9367000000004
-2.2645000000003
-3.0836000000001
-3.1899
-1.2901
-0.15559999999999
0.9
0.9
0.9
0.9
0.9
0.9
0.9
0.9
0.9
0.9
0.9
0.88469999999996
-1.0858000000002
-4.2267000000002
-7.9292000000005
-8.1103000000005
-8.6545000000002
-11.1617
-11.3797
-11.7927
-11.7903
-11.0737
-9.3022000000002
-8.4202000000004
-7.8514000000005
-7.2032000000004
-5.4862000000004
-4.0092000000002
-2.757
-2.364
-1.3233
-1.2567
0.9
0.9
0.9
0.9
0.9
0.9
0.9
0.9
0.9
0.9
0.9
0.88579999999997
0.69069999999983
-0.12010000000019
-3.1664000000002
-7.0541000000004
-7.7881000000004
-10.1006
-10.9411
-10.5237
-10.0666
-9.3953000000004
-9.2306000000005
-8.7032000000005
-6.8569000000003
-4.4229000000003
-4.0229000000002
-3.2204000000001
-2.9181000000001
-1.2738
0.29939999999998
0.9
0.9
0.9
0.9
0.9
0.9
0.9
0.9
0.9
0.9
0.9
0.9
0.8896
0.84959999999996
0.76299999999989
0.62209999999983
0.31769999999984
-0.73080000000012
-2.1825
-4.2980000000002
-4.6793000000003
-4.3776000000004
-3.7670000000004
-3.5189000000003
-3.0198000000002
-2.4080000000002
-2.2719000000002
-2.2081000000001
-1.2757000000001
-1.2314000000001
-0.93070000000005
-1.2385000000001
0.9
0.9
0.9
0.9
0.9
0.9
0.9
0.9
0.9
0.9
0.9
0.9
0.88640000000002
0.87470000000003
0.85019999999999
0.72369999999989
0.56959999999997
0.29480000000016
0.16130000000022
0.2598
-0.045700000000084
-0.47480000000007
-0.43920000000013
-0.95880000000007
-1.6120000000001
-1.5514000000001
-1.4993000000001
-0.2581
0.52500000000002
0.3735
0.69969999999999
-0.00090000000002366
0.9
0.9
0.9
0.9
0.9
0.9
0.9
0.9
0.9
0.9
0.9
0.9
0.9
0.9
0.89330000000001
0.83290000000008
0.74290000000019
0.66500000000029
0.68380000000023
0.78690000000012
0.76050000000015
0.72540000000015
0.75670000000011
0.8193000000001
0.84060000000007
0.87690000000003
0.88600000000002
0.8983
0.8997
0.9
0.9
0.9
0.9
0.9
0.9
0.9
0.9
0.9
0.9
0.9
0.9
0.9
0.9
0.9
0.9
0.899
0.86150000000005
0.80910000000011
0.77600000000015
0.80560000000012
0.83900000000008
0.87090000000004
0.81390000000008
0.78630000000009
0.81720000000009
0.85710000000005
0.88330000000002
0.87480000000003
0.89580000000001
0.9
0.9
0.9
0.9
0.9
0.9
0.9
0.9
0.9
0.9
0.9
0.9
0.9
0.9
0.9
0.9
0.9
0.9
0.88230000000002
0.86460000000004
0.87510000000003
0.89570000000001
0.9
0.9
0.9
0.9
0.9
0.9
0.9
0.9
0.9
0.9
0.9
0.9
0.9
0.9
0.9
0.9
0.9
0.9
0.9
0.9
0.9
0.9
0.9
0.9
0.9
0.9
0.9
0.9
0.9
0.9
0.9
0.9
0.9
0.9
0.9
0.9
0.9
0.9
0.9
0.9
0.9
0.9
0.9
0.9
0.9
0.9
0.9
0.9
0.9
0.9
0.9
0.9
0.9
0.9
0.9
0.9
0.9
0.9
0.9
0.9
0.9
0.9
0.9
0.9
0.9
0.9
0.9
0.9
0.9
0.9
0.9
0.9
0.9
0.9
0.9
0.9
0.9
0.9
0.9
0.9
0.9
0.9
0.9
0.9
0.9
0.9
0.9
0.9
0.9
0.9
0.9
0.9
0.9
0.9
0.9
0.9
0.9
0.9
0.9
0.9
0.9
0.9
0.9
0.9
0.9
0.9
0.9
0.9
0.9
0.9
0.9
0.9
0.9
0.9
0.9
0.9
0.9
0.9
0.9
0.9
0.9
0.9
0.9
0.9
0.9
0.9
0.9
0.9
0.9
0.9
0.9
0.9
0.9
0.9
0.9
0.9
0.9
0.9
0.9
0.9
0.9
0.9
0.9
0.9
0.9
0.9
0.9
0.9
0.9
0.9
0.9
0.9
0.9
0.9
0.9
0.9
0.9
0.9
0.9
0.9
0.9
0.9
0.9
0.9
0.9
0.9
0.9
0.9
0.9
0.9
0.9
0.9
0.9
0.9
0.9
0.9
0.9
0.9
0.9
0.9
0.9
0.9
0.9
0.9
0.9
0.9
0.9
0.9
0.9
0.9
0.9
0.9
0.9
0.9
0.9
0.9
0.9
0.9
0.9
0.9
0.9
0.9
0.9
0.9
0.9
0.9
0.9
0.9
0.9
0.9
0.9
0.9
0.9
0.9
0.9
0.9
0.9
0.9
0.9
0.9
0.9
0.9
0.9
0.9
0.9
0.9
0.9
0.9
0.9
0.8995
0.87340000000003
0.8197000000001
0.82870000000009
0.83580000000008
0.86470000000004
0.89100000000001
0.9
0.9
0.9
0.9
0.9
0.9
0.9
0.9
0.9
0.9
0.9
0.9
0.9
0.9
0.9
0.9
0.9
0.9
0.9
0.9
0.9
0.8992
0.89219999999998
0.88439999999996
0.87239999999996
0.83590000000002
0.78020000000013
0.7305000000002
0.73640000000017
0.78960000000009
0.85160000000005
0.89400000000001
0.9
0.9
0.9
0.9
0.9
0.9
0.9
0.9
0.9
0.9
0.9
0.9
0.9
0.9
0.9
0.9
0.9
0.9
0.9
0.9
0.88839999999997
0.77429999999996
-0.026100000000065
-1.5455
-2.4297
-2.4715999999999
-2.3827999999999
-1.4865999999998
0.48200000000012
0.69669999999998
0.80290000000001
0.84460000000005
0.88860000000001
0.88110000000002
0.88100000000002
0.9
0.9
0.9
0.9
0.9
0.9
0.9
0.9
0.9
0.9
0.9
0.90949999999999
0.98659999999997
0.97289999999996
1.0088999999999
1.0140999999999
0.77739999999988
-0.43630000000011
-2.0948000000001
-4.4211000000001
-6.3538000000001
-7.8710000000001
-10.6584
-11.0981
-11.3748
-6.5187000000004
-4.9894000000005
-2.7353000000002
-1.3089
0.68190000000012
0.82380000000009
0.86990000000004
0.9
0.9
0.9
0.9
0.9
0.9
0.9
0.9
0.9
0.9
0.9
1.0172999999999
1.0954999999999
1.1542999999999
1.0189999999999
0.0020999999998852
-1.7193000000001
-1.9844000000001
-3.6175000000001
-8.1193000000002
-8.1961000000002
-8.5056000000002
-8.9560000000002
-8.9357000000002
-10.7783
-10.5224
-7.5119000000006
-6.4198000000004
-5.7931000000001
-2.4202999999999
0.21760000000016
0.77790000000011
0.84460000000003
0.89360000000001
0.9
0.9
0.9
0.9
0.9
0.9
0.9
0.9
0.9
1.0746999999999
1.2323999999999
1.2699999999999
-0.57560000000009
-0.74140000000008
-0.88670000000003
-2.7809000000001
-5.0692000000001
-6.2287000000002
-7.8544
-8.3379
-8.2048
-8.4381
-10.5073
-11.2738
-8.5282000000003
-7.0388000000003
-6.6665000000002
-6.3085000000001
-2.2089
0.76190000000008
0.82360000000002
0.85490000000003
0.9
0.9
0.9
0.9
0.9
0.9
0.9
0.9
0.9
0.28649999999998
0.99479999999996
1.0844
-0.15990000000002
-1.2188
-1.0881
-2.2612000000001
-4.3696000000001
-4.7420999999999
-7.5576999999996
-7.7789999999997
-7.0724999999998
-7.2491999999999
-8.232
-9.2943000000002
-7.3972000000002
-7.1736000000002
-6.9350000000002
-6.2464000000001
-2.106
0.39130000000009
0.83660000000003
0.84040000000003
0.9
0.9
0.9
0.9
0.9
0.9
0.9
0.8922
0.9
1.1196
1.0681
1.0097
0.58020000000003
0.58500000000001
0.484
0.3279
-0.44219999999982
-1.1149999999997
-1.9910999999996
-4.2530999999998
-2.7177999999999
-6.4651000000001
-7.7824000000001
-6.8132000000001
-7.2620000000002
-7.2038000000003
-6.6924000000002
-3.9032000000001
-1.5035
0.24900000000005
0.87390000000003
0.88120000000002
0.9
0.9
0.9
0.9
0.9
0.9
0.9
0.8991
0.9
1.0904
1.052
0.89380000000002
-0.050699999999982
0.71559999999995
0.63019999999991
0.39689999999989
0.11380000000022
-0.070199999999517
-0.57989999999965
-0.93719999999998
-4.7720000000002
-5.8713
-5.8931
-7.6055
-8.6356000000001
-6.2205000000003
-5.6170000000003
-3.1316000000002
0.0066000000000359
0.84820000000006
0.89480000000001
0.9
0.9
0.9
0.9
0.9
0.9
0.9
0.9
0.9
0.9
0.88800000000001
0.86800000000003
0.80370000000004
0.76000000000005
0.64459999999989
0.54799999999993
0.2489
-0.050599999999677
-1.1425999999996
-3.9703999999997
-6.2559999999999
-7.2692
-7.3432999999998
-8.3385999999997
-9.2716999999996
-6.9237999999998
-4.7679000000002
-4.4091000000004
-0.47610000000024
0.73749999999992
0.86680000000004
0.89430000000001
0.9
0.9
0.9
0.9
0.9
0.9
0.9
0.9
0.9
0.9
0.88410000000002
0.86280000000005
0.79750000000007
0.73540000000002
0.57929999999991
0.42289999999999
0.18199999999992
-2.3105999999998
-7.0236999999997
-8.0318999999997
-7.8492999999998
-8.4928999999998
-9.1481999999995
-9.1641999999993
-9.3852999999995
-6.9196999999998
-4.4582000000001
-2.3958000000003
0.44519999999972
0.74439999999985
0.8622
0.88300000000002
0.9
0.9
0.9
0.9
0.9
0.9
0.9
0.9
0.9
0.9
0.88410000000002
0.85170000000006
0.80850000000008
0.72219999999992
0.57439999999984
0.41839999999987
-0.052600000000057
-3.647
-9.1476
-8.5857
-8.4218999999997
-8.2033999999996
-7.6061999999993
-6.4546999999993
-7.0095999999994
-7.6463999999999
-2.5773000000001
0.030499999999707
0.50369999999967
0.72889999999982
0.85749999999995
0.88020000000002
0.9
0.9
0.9
0.9
0.9
0.9
0.9
0.9
0.9
0.9
0.88410000000002
0.84920000000006
0.82580000000007
0.72769999999985
0.57559999999976
-0.010400000000277
-1.7371000000001
-2.1373000000001
-5.0942000000001
-6.8124999999998
-7.7884999999995
-8.8348999999995
-8.7426999999994
-8.3102999999993
-6.3565999999995
-6.0472999999999
-3.4147000000002
0.14049999999974
0.51429999999977
0.7331999999999
0.82849999999999
0.85380000000006
0.8961
0.9
0.9
0.9
0.9
0.9
0.9
0.9
0.9
0.9
0.88500000000002
0.84930000000006
0.79990000000006
0.66909999999986
0.5140999999997
-0.13510000000034
-1.9256000000002
-2.2506000000001
-2.2839999999999
-3.3888999999996
-3.8300999999994
-5.1859999999994
-7.4399999999994
-8.4775999999995
-8.2497999999998
-6.7886000000001
-4.2925000000002
-0.3549000000002
0.92639999999992
0.7173999999999
0.79130000000002
0.83930000000008
0.88400000000002
0.9
0.9
0.9
0.9
0.9
0.9
0.9
0.9
0.9
0.9
0.87080000000004
0.79199999999999
0.65719999999989
0.46849999999964
0.22889999999963
-0.17820000000013
-1.0505000000001
-0.26649999999982
-0.20659999999955
-0.36829999999929
-0.4009999999992
-0.75899999999925
-4.9125999999994
-8.1405999999998
-8.3822000000002
-4.7943000000002
-1.4661000000002
0.6603999999998
0.91389999999981
0.84269999999996
0.87120000000004
0.9
0.9
0.9
0.9
0.9
0.9
0.9
0.9
0.9
0.9
0.9
0.89369999999998
0.8216999999999
0.68229999999988
0.41389999999965
0.23809999999965
0.2027999999998
0.16840000000009
0.20060000000028
0.13900000000049
-0.022599999999301
-0.015499999999192
-0.058999999999229
-2.8153999999994
-7.9904999999999
-8.5862000000002
-5.6391000000002
-1.3595000000002
0.78709999999975
1.1511999999998
0.85389999999997
0.86960000000004
0.9
0.9
0.9
0.9
0.9
0.9
0.9
0.9
0.9
0.9
0.9
0.88809999999997
0.82429999999984
0.64659999999982
0.36779999999957
0.26539999999968
0.22699999999999
0.21050000000029
0.3088000000004
0.25080000000044
0.1917000000006
0.081400000000766
-1.2945999999992
-3.3315999999995
-8.001
-9.0574000000003
-5.0066000000004
-0.38260000000032
1.3075999999998
1.2115999999999
0.81209999999996
0.85210000000004
0.9
0.9
0.9
0.9
0.9
0.9
0.9
0.9
0.9
0.9
0.9
0.89269999999998
0.80319999999985
0.39979999999979
-1.9093000000004
-1.8498000000003
0.27289999999997
0.1919000000003
0.16730000000042
0.10500000000056
0.13190000000068
-0.15759999999925
-3.3154999999994
-7.0802999999997
-9.9118000000002
-8.4922000000004
-4.6523000000005
-0.15390000000031
1.4093999999998
1.1925999999999
0.83069999999999
0.88490000000002
0.9
0.9
0.9
0.9
0.9
0.9
0.9
0.9
0.9
0.9
0.9
0.29209999999997
-1.6698000000002
-5.2577000000003
-8.9349000000005
-6.9341000000004
-2.3914
-0.90329999999981
-0.32149999999964
-1.4449999999995
-2.3864999999995
-5.0680999999995
-8.6991999999998
-10.2246
-9.2944000000004
-6.8879000000005
-2.0837000000004
0.010499999999703
1.4113999999999
1.0501
0.85190000000001
0.88840000000001
0.9
0.9
0.9
0.9
0.9
0.9
0.9
0.9
0.9
0.9
0.9
0.16469999999996
-3.8308000000002
-6.6207000000002
-8.1752000000005
-9.8183000000005
-8.6985000000002
-8.2206999999999
-7.2176999999998
-8.5166999999997
-10.1683
-10.6527
-10.7962
-9.8652000000004
-6.8294000000005
-2.8212000000005
-0.3162000000004
0.58479999999981
1.185
0.96900000000005
0.87270000000003
0.87630000000003
0.9
0.9
0.9
0.9
0.9
0.9
0.9
0.9
0.9
0.9
0.9
0.16579999999997
-3.4583000000002
-5.2231000000002
-7.4844000000002
-7.7001000000004
-10.6481
-10.9626
-11.1591
-11.2117
-11.2036
-11.0353
-10.072600000001
-5.6802000000005
-1.8939000000003
-1.1499000000003
0.69809999999977
1.0655999999999
1.0438999999999
0.93719999999995
0.89339999999998
0.9
0.9
0.9
0.9
0.9
0.9
0.9
0.9
0.9
0.9
0.9
0.9
0.4486
-0.99540000000004
-3.1070000000001
-6.0409000000002
-6.2933000000002
-7.7898000000001
-8.5075
-9.8660000000002
-9.6693000000003
-9.1376000000004
-6.4040000000004
-1.6479000000003
-0.21080000000019
0.82699999999979
0.95709999999981
1.0498999999999
1.0732999999999
1.0915999999999
0.88329999999995
0.87649999999994
0.9
0.9
0.9
0.9
0.9
0.9
0.9
0.9
0.9
0.9
0.9
0.9
0.88640000000002
0.87470000000003
-0.25680000000001
-3.0473000000001
-5.3814
-6.4041999999998
-4.3566999999998
-3.1022
-0.048700000000084
0.68719999999993
0.68379999999987
1.2531999999999
1.0319999999999
1.0275999999999
1.0306999999999
1.0929
1.077
0.9645
0.89869999999999
0.89009999999998
0.9
0.9
0.9
0.9
0.9
0.9
0.9
0.9
0.9
0.9
0.9
0.9
0.9
0.9
0.89330000000001
0.83290000000008
0.74290000000019
0.66500000000029
0.68380000000023
0.83790000000012
0.99250000000015
0.88040000000015
0.83170000000011
0.8243000000001
0.84560000000007
0.92790000000003
1.015
0.9153
0.9027
0.9
0.9
0.9
0.9
0.9
0.9
0.9
0.9
0.9
0.9
0.9
0.9
0.9
0.9
0.9
0.9
0.899
0.86150000000005
0.80910000000011
0.77600000000015
0.80560000000012
0.83900000000008
0.87090000000004
0.81390000000008
0.78630000000009
0.81720000000009
0.85710000000005
0.88330000000002
0.87480000000003
0.89580000000001
0.9
0.9
0.9
0.9
0.9
0.9
0.9
0.9
0.9
0.9
0.9
0.9
0.9
0.9
0.9
0.9
0.9
0.9
0.88230000000002
0.86460000000004
0.87510000000003
0.89570000000001
0.9
0.9
0.9
0.9
0.9
0.9
0.9
0.9
0.9
0.9
0.9
0.9
0.9
0.9
0.9
0.9
0.9
0.9
0.9
0.9
0.9
0.9
0.9
0.9
0.9
0.9
0.9
0.9
0.9
0.9
0.9
0.9
0.9
0.9
0.9
0.9
0.9
0.9
0.9
0.9
0.9
0.9
0.9
0.9
0.9
0.9
0.9
0.9
0.9
0.9
0.9
0.9
0.9
0.9
0.9
0.9
0.9
0.9
0.9
0.9
0.9
0.9
0.9
0.9
0.9
0.9
0.9
0.9
0.9
0.9
0.9
0.9
0.9
0.9
0.9
0.9
0.9
0.9
0.9
0.9
0.9
0.9
0.9
0.9
0.9
0.9
0.9
0.9
0.9
0.9
0.9
0.9
0.9
0.9
0.9
0.9
0.9
0.9
0.9
0.9
0.9
0.9
0.9
0.9
0.9
0.9
0.9
0.9
0.9
0.9
0.9
0.9
0.9
0.9
0.9
0.9
0.9
0.9
0.9
0.9
0.9
0.9
0.9
0.9
0.9
0.9
0.9
0.9
0.9
0.9
0.9
0.9
0.9
0.9
0.9
0.9
0.9
0.9
0.9
0.9
0.9
0.9
0.9
0.9
0.9
0.9
0.9
0.9
0.9
0.9
0.9
0.9
0.9
0.9
0.9
0.9
0.9
0.9
0.9
0.9
0.9
0.9
0.9
0.9
0.9
0.9
0.9
0.9
0.9
0.9
0.9
0.9
0.9
0.9
0.9
0.9
0.9
0.9
0.9
0.9
0.9
0.9
0.9
0.9
0.9
0.9
0.9
0.9
0.9
0.9
0.9
0.9
0.9
0.9
0.9
0.9
0.9
0.9
0.9
0.9
0.9
0.9
0.9
0.9
0.9
0.9
0.9
0.9
0.9
0.9
0.9
0.9
0.9
0.9
0.9
0.9
0.9
0.9
0.9
0.9
0.9
0.9
0.9
0.9
0.9
0.9
0.9
0.9
0.9
0.8995
0.87340000000003
0.8197000000001
0.82870000000009
0.83580000000008
0.86470000000004
0.89100000000001
0.9
0.9
0.9
0.9
0.9
0.9
0.9
0.9
0.9
0.9
0.9
0.9
0.9
0.9
0.9
0.9
0.9
0.9
0.9
0.9
0.9
0.8992
0.89219999999998
0.88439999999996
0.87239999999996
0.83590000000002
0.78020000000013
0.7305000000002
0.73640000000017
0.78960000000009
0.85160000000005
0.89400000000001
0.9
0.9
0.9
0.9
0.9
0.9
0.9
0.9
0.9
0.9
0.9
0.9
0.9
0.9
0.9
0.9
0.9
0.9
0.9
0.9
0.88839999999997
0.88229999999996
0.85589999999994
0.77649999999995
0.67530000000002
0.5974000000001
0.47920000000015
0.43940000000019
0.21200000000012
-1.0133
0.57790000000001
0.84460000000005
0.88860000000001
-0.81989999999998
-0.82899999999998
0.9
0.9
0.9
0.9
0.9
0.9
0.9
0.9
0.9
0.9
0.9
0.78049999999999
0.66259999999997
0.79189999999996
0.86689999999992
0.8590999999999
0.84639999999988
0.31169999999989
0.72619999999988
0.58889999999992
-0.48380000000008
-1.9250000000001
-1.0384000000001
-0.051100000000127
-1.1888000000002
-3.1887000000004
-5.6194000000005
-3.0683000000002
-0.17490000000004
-2.7560999999999
-2.1821999999999
-0.66909999999996
0.9
0.9
0.9
0.9
0.9
0.9
0.9
0.9
0.9
0.9
0.9
-0.31570000000006
-1.9915000000001
-0.92270000000013
0.81099999999991
0.78409999999989
-1.1013000000001
-1.9684000000001
-1.8845000000001
-0.86630000000019
-1.8961000000002
-2.3206000000002
-2.0770000000002
-0.3367000000002
-2.4333000000003
-3.5664000000004
-9.6869000000006
-8.3548000000004
-5.9641000000001
-8.5492999999999
-6.4063999999998
-3.1190999999999
-0.010399999999967
0.89360000000001
0.9
0.9
0.9
0.9
0.9
0.9
0.9
0.9
0.9
-0.35330000000006
-2.6226000000001
-2.8750000000001
-0.13360000000009
-0.81740000000008
-3.6937
-4.7679000000001
-3.5842000000001
-2.1697000000002
-3.0964
-2.9359
-0.94979999999998
-0.53410000000001
-3.1443000000002
-6.9448000000003
-13.6882
-10.4408
-8.4035000000002
-9.7195000000001
-5.9529
-2.1720999999999
0.31060000000002
0.85490000000003
0.9
0.9
0.9
0.9
0.9
0.9
0.9
0.9
0.9
-0.35350000000002
-3.4892
-3.0046
-2.0419
-3.9358
-4.0361
-6.4862000000001
-4.7376000000001
-3.9850999999999
-5.4076999999996
-5.1269999999997
-1.1444999999998
-0.50619999999992
-5.536
-9.9073000000002
-11.6902
-10.7376
-10.949
-9.4774000000001
-4.419
-2.1286999999999
0.83660000000003
0.84040000000003
0.9
0.9
0.9
0.9
0.9
0.9
0.9
0.8922
0.9
-0.026399999999992
-3.4509
-3.0663
-3.4848
-5.514
-4.089
-7.1331
-3.9251999999998
-3.8569999999997
-7.4920999999996
-8.2510999999998
-3.3527999999999
-0.25410000000005
-6.6334000000001
-11.4572
-9.9970000000002
-12.8108
-11.5974
-8.2952000000001
-3.6725
-0.60599999999995
0.87390000000003
0.88120000000002
0.9
0.9
0.9
0.9
0.9
0.9
0.9
0.8991
0.9
0.43240000000003
-2.488
-4.1602
-4.1097
-6.1064000000001
-4.6618000000001
-6.9921000000001
-6.0401999999998
-5.2601999999995
-9.1908999999997
-7.8122
-2.6520000000002
-0.66930000000002
-7.9641
-10.2485
-9.4906000000001
-13.1235
-11.359
-6.1106000000002
-2.0544
-0.0067999999999357
0.89480000000001
0.9
0.9
0.9
0.9
0.9
0.9
0.9
0.9
0.9
0.9
-0.19199999999999
-2.012
-4.7583
-4.289
-6.1774000000001
-4.7170000000001
-9.6961
-7.9465999999997
-8.4925999999996
-8.8133999999997
-5.6439999999999
-0.37820000000001
-1.4292999999998
-9.4415999999997
-10.5797
-10.2538
-13.8849
-10.5651
-5.6511000000002
-2.2235000000001
0.17380000000004
0.89430000000001
0.9
0.9
0.9
0.9
0.9
0.9
0.9
0.9
0.9
0.9
-0.54689999999998
-2.4852
-3.9724999999999
-4.8536
-5.8467000000001
-6.9751
-11.419
-11.9856
-8.9246999999997
-6.4208999999997
-2.4582999999998
-2.2718999999998
-7.1591999999995
-10.931199999999
-10.953299999999
-12.9917
-13.4492
-8.4258000000003
-4.3248000000003
-1.4606000000001
0.8622
0.88300000000002
0.9
0.9
0.9
0.9
0.9
0.9
0.9
0.9
0.9
0.9
-0.54689999999998
-3.4952999999999
-2.9714999999999
-5.4788000000001
-6.1936000000002
-8.0866000000001
-12.8766
-15.141
-11.0716
-7.1997
-4.2578999999997
-6.7803999999996
-9.7291999999993
-12.364699999999
-13.939599999999
-16.4334
-10.8403
-6.7875000000003
-3.0513000000003
-1.6381000000002
0.56949999999995
0.88020000000002
0.9
0.9
0.9
0.9
0.9
0.9
0.9
0.9
0.9
0.9
-0.54689999999998
-3.7227999999999
-2.8731999999999
-6.0583000000001
-7.7404000000002
-11.1524
-14.3051
-14.0093
-14.0572
-13.3495
-12.6275
-14.011899999999
-14.697699999999
-15.311299999999
-16.6306
-16.5133
-12.2267
-7.1845000000003
-4.0737000000002
-2.2188000000001
-1.1155
0.85380000000006
0.8961
0.9
0.9
0.9
0.9
0.9
0.9
0.9
0.9
0.9
-0.46499999999998
-3.7136999999999
-4.9600999999999
-8.6279000000001
-12.4819
-16.4701
-16.7666
-15.6036
-16.312
-17.9879
-19.968099999999
-20.226999999999
-20.227999999999
-19.838599999999
-18.6298
-19.7066
-14.0025
-6.3319000000002
-3.1026000000001
-1.9166000000001
-1.3507
0.83930000000008
0.88400000000002
0.9
0.9
0.9
0.9
0.9
0.9
0.9
0.9
0.9
0.9
-1.7572
-4.374
-8.6758000000001
-13.4545
-15.1971
-15.5772
-13.3985
-12.9465
-14.1816
-15.043299999999
-15.678999999999
-16.128999999999
-16.966599999999
-18.3126
-17.4572
-10.6003
-3.5351000000002
-1.7596000000002
-1.4171000000002
-0.24630000000004
0.87120000000004
0.9
0.9
0.9
0.9
0.9
0.9
0.9
0.9
0.9
0.9
0.9
0.89369999999998
-1.0683000000001
-6.2207000000001
-9.0991000000004
-7.0879000000004
-6.3582000000002
-6.5365999999999
-6.0903999999997
-8.1049999999995
-11.400599999999
-10.645499999999
-11.713999999999
-13.933399999999
-14.8355
-13.0172
-7.5841000000002
-3.1345000000002
-1.7099000000002
-0.72180000000016
0.52989999999997
0.86960000000004
0.9
0.9
0.9
0.9
0.9
0.9
0.9
0.9
0.9
0.9
0.9
0.88809999999997
0.77929999999984
-2.3774000000002
-4.6632000000004
-5.0086000000003
-4.651
-3.8394999999997
-3.9391999999996
-6.1751999999996
-9.4032999999994
-7.5655999999992
-6.9185999999992
-8.4165999999995
-10.953
-9.8564000000003
-4.4076000000004
-3.3566000000003
-1.8234000000002
-0.12740000000013
0.81209999999996
0.85210000000004
0.9
0.9
0.9
0.9
0.9
0.9
0.9
0.9
0.9
0.9
0.9
0.89269999999998
0.80319999999985
-0.61720000000021
-1.8733000000004
-2.0098000000003
-2.0941
-2.9270999999997
-4.3236999999996
-6.5009999999994
-7.1610999999993
-4.7485999999992
-4.1474999999994
-6.9322999999997
-10.7468
-9.3282000000004
-4.6123000000005
-3.7709000000003
-1.8306000000002
-0.11440000000011
0.83069999999999
0.88490000000002
0.9
0.9
0.9
0.9
0.9
0.9
0.9
0.9
0.9
0.9
0.9
0.88609999999997
0.77819999999985
0.59229999999973
0.1220999999995
-0.37510000000035
-1.1214
-1.8822999999998
-4.5874999999996
-6.8629999999995
-5.4914999999995
-2.4770999999995
-3.9081999999998
-5.7236
-10.3694
-8.2809000000005
-4.2967000000004
-3.4255000000003
-2.9936000000001
-0.12090000000003
0.85190000000001
0.88840000000001
0.9
0.9
0.9
0.9
0.9
0.9
0.9
0.9
0.9
0.9
0.9
0.88469999999996
0.77719999999982
0.62429999999978
0.35079999999953
0.12469999999951
-1.2295000000002
-3.2596999999999
-7.0686999999998
-6.5456999999997
-2.9882999999998
-1.9566999999999
-5.5312000000002
-5.1622000000004
-8.1484000000005
-7.6622000000005
-4.2622000000004
-3.1902000000002
-3.36
0.47100000000005
0.87270000000003
0.87630000000003
0.9
0.9
0.9
0.9
0.9
0.9
0.9
0.9
0.9
0.9
0.9
0.88579999999997
0.80769999999983
0.71689999999981
0.48759999999977
0.2178999999996
-1.9741000000004
-7.0766000000002
-7.2691000000001
-4.3857000000002
-1.0396000000003
-2.8253000000004
-5.8466000000005
-4.4192000000005
-7.0639000000003
-5.8809000000003
-4.5089000000002
-1.7354000000001
-1.7301000000001
0.29219999999995
0.89339999999998
0.9
0.9
0.9
0.9
0.9
0.9
0.9
0.9
0.9
0.9
0.9
0.9
0.8896
0.84959999999996
0.76299999999989
0.62209999999983
0.42569999999985
-3.3948000000001
-7.0695
-5.9720000000002
-1.1513000000003
-0.61560000000037
-2.4980000000004
-5.0489000000003
-4.1088000000002
-6.8270000000002
-4.7919000000002
-2.0641000000001
-1.0327000000001
-0.34040000000006
0.77929999999995
0.87649999999994
0.9
0.9
0.9
0.9
0.9
0.9
0.9
0.9
0.9
0.9
0.9
0.9
0.88640000000002
0.87470000000003
0.85019999999999
0.72369999999989
0.48859999999997
-4.5111999999998
-4.9866999999998
-1.0812
0.42229999999992
-0.82580000000007
-1.6542000000001
-0.84180000000007
-3.8890000000001
-5.2954000000001
-3.7763000000001
-0.5371
0.87600000000002
0.8865
0.89769999999999
0.89009999999998
0.9
0.9
0.9
0.9
0.9
0.9
0.9
0.9
0.9
0.9
0.9
0.9
0.9
0.9
0.89330000000001
0.83290000000008
0.39190000000019
-4.7619999999997
-2.9521999999998
0.75990000000012
0.76050000000015
-0.51659999999985
-1.0072999999999
0.8193000000001
0.84060000000007
0.87690000000003
0.88600000000002
0.8983
0.8997
0.9
0.9
0.9
0.9
0.9
0.9
0.9
0.9
0.9
0.9
0.9
0.9
0.9
0.9
0.9
0.9
0.899
0.86150000000005
0.80910000000011
-0.78999999999985
-0.17539999999988
0.83900000000008
0.87090000000004
0.81390000000008
0.78630000000009
0.81720000000009
0.85710000000005
0.88330000000002
0.87480000000003
0.89580000000001
0.9
0.9
0.9
0.9
0.9
0.9
0.9
0.9
0.9
0.9
0.9
0.9
0.9
0.9
0.9
0.9
0.9
0.9
0.88230000000002
0.86460000000004
0.87510000000003
0.89570000000001
0.9
0.9
0.9
0.9
0.9
0.9
0.9
0.9
0.9
0.9
0.9
0.9
0.9
0.9
0.9
0.9
0.9
0.9
0.9
0.9
0.9
0.9
0.9
0.9
0.9
0.9
0.9
0.9
0.9
0.9
0.9
0.9
0.9
0.9
0.9
0.9
0.9
0.9
0.9
0.9
0.9
0.9
0.9
0.9
0.9
0.9
0.9
0.9
0.9
0.9
0.9
0.9
0.9
0.9
0.9
0.9
0.9
0.9
0.9
0.9
0.9
0.9
0.9
0.9
0.9
0.9
0.9
0.9
0.9
0.9
0.9
0.9
0.9
0.9
0.9
0.9
0.9
0.9
0.9
0.9
0.9
0.9
0.9
0.9
0.9
0.9
0.9
0.9
0.9
0.9
0.9
0.9
0.9
0.9
0.9
0.9
0.9
0.9
0.9
0.9
0.9
0.9
0.9
0.9
0.9
0.9
0.9
0.9
0.9
0.9
0.9
0.9
0.9
0.9
0.9
0.9
0.9
0.9
0.9
0.9
0.9
0.9
0.9
0.9
0.9
0.9
0.9
0.9
0.9
0.9
0.9
0.9
0.9
0.9
0.9
0.9
0.9
0.9
0.9
0.9
0.9
0.9
0.9
0.9
0.9
0.9
0.9
0.9
0.9
0.9
0.9
0.9
0.9
0.9
0.9
0.9
0.9
0.9
0.9
0.9
0.9
0.9
0.9
0.9
0.9
0.9
0.9
0.9
0.9
0.9
0.9
0.9
0.9
0.9
0.9
0.9
0.9
0.9
0.9
0.9
0.9
0.9
0.9
0.9
0.9
0.9
0.9
0.9
0.9
0.9
0.9
0.9
0.9
0.9
0.9
0.9
0.9
0.9
0.9
0.9
0.9
0.9
0.9
0.9
0.9
0.9
0.9
0.9
0.9
0.9
0.9
0.9
0.9
0.9
0.9
0.9
0.9
0.9
0.9
0.9
0.9
0.9
0.9
0.9
0.9
0.9
0.9
0.9
0.9
0.8995
0.87340000000003
0.8197000000001
0.82870000000009
0.83580000000008
0.86470000000004
0.89100000000001
0.9
0.9
0.9
0.9
0.9
0.9
0.9
0.9
0.9
0.9
0.9
0.9
0.9
0.9
0.9
0.9
0.9
0.9
0.9
0.9
0.9
0.8992
0.89219999999998
0.88439999999996
0.87239999999996
0.83590000000002
0.78020000000013
0.7305000000002
0.73640000000017
0.78960000000009
0.85160000000005
0.89400000000001
0.9
0.9
0.9
0.9
0.9
0.9
0.9
0.9
0.9
0.9
0.9
0.9
0.9
0.9
0.9
0.9
0.9
0.9
0.9
0.9
0.88839999999997
0.88229999999996
0.85589999999994
0.77649999999995
0.67530000000002
0.5974000000001
0.47920000000015
0.43940000000019
0.55400000000012
0.69669999999998
0.80290000000001
0.84460000000005
0.88860000000001
0.88110000000002
0.88100000000002
0.9
0.9
0.9
0.9
0.9
0.9
0.9
0.9
0.9
0.9
0.9
0.89749999999999
0.88759999999997
0.88189999999996
0.86689999999992
0.8590999999999
0.84639999999988
0.78869999999989
0.72619999999988
0.58889999999992
0.38919999999992
0.045999999999931
-0.11140000000013
-0.21310000000013
-1.1978000000002
-1.1187000000004
-1.2724000000005
0.27069999999978
-0.84090000000004
-1.5590999999999
-1.3991999999999
-0.27309999999996
0.9
0.9
0.9
0.9
0.9
0.9
0.9
0.9
0.9
0.9
0.9
0.87229999999994
0.83449999999987
0.82329999999987
0.81099999999991
0.78409999999989
0.45569999999988
0.29059999999987
-0.37250000000015
-1.0193000000002
-1.3111000000002
-2.3116000000002
-2.5360000000002
-2.5507000000002
-2.5233000000003
-2.4414000000004
-3.2699000000006
-2.5228000000004
-4.4431000000001
-5.2282999999999
-5.1463999999998
-4.3880999999999
-3.2324
0.31760000000001
0.9
0.9
0.9
0.9
0.9
0.9
0.9
0.9
0.9
0.83469999999994
0.77939999999993
0.75199999999991
0.73039999999991
0.24459999999992
-1.5967
-1.8789000000001
-1.9822000000001
-2.0797000000002
-2.3134
-2.6659
-2.7948
-2.7481
-3.9183000000002
-5.7568000000003
-4.7872000000003
-5.0408000000003
-5.4605000000002
-5.0575000000001
-5.4579
-5.9880999999999
-5.4404
-3.2041
0.9
0.9
0.9
0.9
0.9
0.9
0.9
0.9
0.9
0.83449999999998
0.75879999999996
0.73040000000001
0.70309999999998
0.4562
-1.4531
-1.9592000000001
-2.1096000000001
-2.2840999999999
-2.5726999999996
-2.8409999999997
-2.6024999999998
-3.9261999999999
-6.994
-7.2523000000002
-5.6152000000002
-6.3726000000002
-7.3220000000002
-7.1014000000001
-6.138
-5.0806999999999
-4.8694
-4.5236
0.9
0.9
0.9
0.9
0.9
0.9
0.9
0.8922
0.9
0.86460000000001
0.81509999999997
0.75870000000001
0.70920000000003
0.66900000000001
-0.102
-1.0131
-0.76619999999982
-2.3449999999997
-2.6050999999996
-2.2840999999998
-1.9667999999999
-4.7811000000001
-6.6694000000001
-7.2722000000001
-5.7940000000001
-6.5108000000003
-5.3064000000002
-4.2002000000001
-2.9435
-2.3339999999999
-1.4751
-0.81079999999998
0.9
0.9
0.9
0.9
0.9
0.9
0.9
0.8991
0.9
0.87340000000003
0.84200000000003
0.80780000000002
0.76830000000002
0.71559999999995
0.63019999999991
0.27089999999989
0.097800000000217
-2.1731999999995
-3.7008999999997
-2.8262
-2.9310000000002
-5.2773
-5.2011
-4.6235
-4.4506000000001
-3.0525000000003
-2.0620000000003
-1.5476000000002
-0.89339999999996
-0.36679999999994
0.42680000000001
0.9
0.9
0.9
0.9
0.9
0.9
0.9
0.9
0.9
0.9
0.88800000000001
0.86800000000003
0.80370000000004
0.76000000000005
0.64459999999989
0.54799999999993
0.2489
-1.7365999999997
-3.9745999999996
-7.6073999999997
-6.3819999999999
-5.3552
-4.8402999999998
-3.6815999999997
-1.9756999999996
-0.41679999999984
-0.28590000000016
0.027899999999645
0.45089999999976
0.73749999999992
0.86680000000004
0.89430000000001
0.9
0.9
0.9
0.9
0.9
0.9
0.9
0.9
0.9
0.9
0.88410000000002
0.86280000000005
0.79750000000007
0.73540000000002
0.57929999999991
0.42289999999999
-0.42100000000008
-3.6335999999998
-4.8206999999997
-8.2208999999997
-8.9022999999998
-4.6208999999998
-3.1001999999995
-1.5171999999993
-0.40529999999946
-0.19369999999978
-0.048200000000101
0.17819999999967
0.52619999999972
0.74439999999985
0.8622
0.88300000000002
0.9
0.9
0.9
0.9
0.9
0.9
0.9
0.9
0.9
0.9
0.88410000000002
0.85170000000006
0.80850000000008
0.72219999999992
0.57439999999984
0.41839999999987
-2.6436000000001
-4.638
-6.8686
-7.1547
-6.6248999999997
-3.4503999999996
-3.9601999999993
-2.9506999999993
-0.53859999999942
-0.1883999999999
0.13969999999988
0.25049999999971
0.50369999999967
0.72889999999982
0.85749999999995
0.88020000000002
0.9
0.9
0.9
0.9
0.9
0.9
0.9
0.9
0.9
0.9
0.88410000000002
0.84920000000006
0.82580000000007
0.72769999999985
0.57559999999976
0.39459999999972
-2.9651000000001
-6.0713000000001
-9.1792000000001
-7.3464999999998
-5.1484999999995
-3.9228999999995
-4.0686999999994
-4.9972999999993
-1.5465999999995
-0.26829999999991
0.16629999999977
0.24049999999974
0.48929999999977
0.7331999999999
0.82849999999999
0.85380000000006
0.8961
0.9
0.9
0.9
0.9
0.9
0.9
0.9
0.9
0.9
0.88500000000002
0.84930000000006
0.79990000000006
0.66909999999986
0.5140999999997
0.26989999999966
-2.0966000000002
-4.9026000000001
-6.6639999999999
-6.8278999999996
-6.9180999999994
-5.5569999999994
-4.5679999999994
-4.8715999999995
-2.6547999999998
-1.3106000000001
-0.15150000000018
0.2110999999998
0.50639999999992
0.7113999999999
0.79130000000002
0.83930000000008
0.88400000000002
0.9
0.9
0.9
0.9
0.9
0.9
0.9
0.9
0.9
0.9
0.87080000000004
0.79199999999999
0.65719999999989
0.46849999999964
-0.26610000000037
0.046799999999874
-0.20450000000006
-1.1744999999998
-2.8595999999996
-7.0242999999993
-6.7059999999992
-5.1489999999992
-3.8715999999994
-2.4995999999998
-2.2112000000002
-1.6273000000002
0.25389999999984
0.5173999999998
0.75189999999981
0.84269999999996
0.87120000000004
0.9
0.9
0.9
0.9
0.9
0.9
0.9
0.9
0.9
0.9
0.9
0.89369999999998
0.8216999999999
0.45729999999988
-1.4311000000004
-1.8769000000004
-0.6252000000002
0.16840000000009
0.20060000000028
-0.65299999999951
-5.2085999999993
-6.6854999999992
-5.2699999999992
-3.5473999999994
-2.1274999999999
-2.1632000000002
-2.1841000000002
-0.27250000000018
0.56709999999975
0.76319999999984
0.85389999999997
0.86960000000004
0.9
0.9
0.9
0.9
0.9
0.9
0.9
0.9
0.9
0.9
0.9
0.88809999999997
0.050299999999837
-2.6474000000002
-2.6652000000004
-0.70660000000032
0.22699999999999
0.21050000000029
0.3088000000004
-2.5931999999996
-5.5602999999994
-6.5125999999992
-5.6945999999992
-3.5295999999995
-2.223
-2.2604000000003
-1.7256000000004
0.44139999999968
0.60659999999978
0.73659999999987
0.81209999999996
0.85210000000004
0.9
0.9
0.9
0.9
0.9
0.9
0.9
0.9
0.9
0.9
0.9
0.89269999999998
-1.4918000000001
-4.5412000000002
-4.5463000000004
-2.4238000000003
-2.0941
-2.1800999999997
-3.2976999999996
-7.0049999999994
-8.5470999999993
-6.4315999999992
-4.9574999999994
-4.0432999999997
-2.3948000000002
-2.2722000000004
-1.3453000000005
0.55809999999969
0.6533999999998
0.74959999999989
0.83069999999999
0.88490000000002
0.9
0.9
0.9
0.9
0.9
0.9
0.9
0.9
0.9
0.9
0.9
0.88609999999997
-1.2558000000002
-3.2327000000003
-6.1689000000005
-6.8551000000003
-6.6114
-6.7422999999998
-7.8544999999996
-8.4379999999995
-6.5984999999995
-4.8620999999995
-4.8261999999998
-3.5816
-1.8644000000004
-0.5229000000005
0.53629999999955
0.6334999999997
0.69639999999987
0.77909999999997
0.85190000000001
0.88840000000001
0.9
0.9
0.9
0.9
0.9
0.9
0.9
0.9
0.9
0.9
0.9
0.88469999999996
0.0031999999998162
-2.5887000000002
-5.6792000000005
-6.5263000000005
-6.8005000000002
-7.7056999999999
-6.7086999999998
-5.9876999999997
-5.0942999999998
-4.9266999999999
-3.7852000000002
-0.7792000000004
0.10459999999952
0.40179999999955
0.5887999999996
0.67079999999981
0.71699999999997
0.82200000000005
0.87270000000003
0.87630000000003
0.9
0.9
0.9
0.9
0.9
0.9
0.9
0.9
0.9
0.9
0.9
0.88579999999997
0.80769999999983
-1.7401000000002
-3.3464000000002
-4.1021000000004
-4.9711000000004
-5.0066000000002
-5.0371000000001
-4.9527000000002
-4.3606000000003
-2.1593000000004
-0.19460000000053
0.14379999999952
0.33409999999975
0.55409999999971
0.67509999999977
0.74859999999989
0.78989999999995
0.85919999999995
0.89339999999998
0.9
0.9
0.9
0.9
0.9
0.9
0.9
0.9
0.9
0.9
0.9
0.9
0.3946
-0.69840000000004
-2.4230000000001
-3.9499000000002
-4.1463000000002
-3.3588000000001
-4.2345
-3.5780000000002
-1.2593000000003
-0.13860000000037
0.012999999999618
0.26109999999973
0.45419999999981
0.57099999999979
0.70709999999981
0.77089999999989
0.82129999999991
0.83859999999994
0.87829999999995
0.87649999999994
0.9
0.9
0.9
0.9
0.9
0.9
0.9
0.9
0.9
0.9
0.9
0.9
-0.33759999999998
-1.4023
-1.4268
-1.5533000000001
-1.3384
-0.92019999999984
-1.0266999999998
0.1158
0.42229999999992
0.41619999999993
0.45179999999987
0.60719999999993
0.66499999999994
0.72559999999987
0.77769999999992
0.8399
0.87600000000002
0.8865
0.89769999999999
0.89009999999998
0.9
0.9
0.9
0.9
0.9
0.9
0.9
0.9
0.9
0.9
0.9
0.9
0.9
0.9
0.89330000000001
0.83290000000008
0.74290000000019
0.66500000000029
0.68380000000023
0.78690000000012
0.76050000000015
0.72540000000015
0.75670000000011
0.8193000000001
0.84060000000007
0.87690000000003
0.88600000000002
0.8983
0.8997
0.9
0.9
0.9
0.9
0.9
0.9
0.9
0.9
0.9
0.9
0.9
0.9
0.9
0.9
0.9
0.9
0.899
0.86150000000005
0.80910000000011
0.77600000000015
0.80560000000012
0.83900000000008
0.87090000000004
0.81390000000008
0.78630000000009
0.81720000000009
0.85710000000005
0.88330000000002
0.87480000000003
0.89580000000001
0.9
0.9
0.9
0.9
0.9
0.9
0.9
0.9
0.9
0.9
0.9
0.9
0.9
0.9
0.9
0.9
0.9
0.9
0.88230000000002
0.86460000000004
0.87510000000003
0.89570000000001
0.9
0.9
0.9
0.9
0.9
0.9
0.9
0.9
0.9
0.9
0.9
0.9
0.9
0.9
0.9
0.9
0.9
0.9
0.9
0.9
0.9
0.9
0.9
0.9
0.9
0.9
0.9
0.9
0.9
0.9
0.9
0.9
0.9
0.9
0.9
0.9
0.9
0.9
0.9
0.9
0.9
0.9
0.9
0.9
0.9
0.9
0.9
0.9
0.9
0.9
0.9
0.9
0.9
0.9
0.9
0.9
0.9
0.9
0.9
0.9
0.9
0.9
0.9
0.9
0.9
0.9
0.9
0.9
0.9
0.9
0.9
0.9
0.9
0.9
0.9
0.9
0.9
0.9
0.9
0.9
0.9
0.9
0.9
0.9
0.9
0.9
0.9
0.9
0.9
0.9
0.9
0.9
0.9
0.9
0.9
0.9
0.9
0.9
0.9
0.9
0.9
0.9
0.9
0.9
0.9
0.9
0.9
0.9
0.9
0.9
0.9
0.9
0.9
0.9
0.9
0.9
0.9
0.9
0.9
0.9
0.9
0.9
0.9
0.9
0.9
0.9
0.9
0.9
0.9
0.9
0.9
0.9
0.9
0.9
0.9
0.9
0.9
0.9
0.9
0.9
0.9
0.9
0.9
0.9
0.9
0.9
0.9
0.9
0.9
0.9
0.9
0.9
0.9
0.9
0.9
0.9
0.9
0.9
0.9
0.9
0.9
0.9
0.9
0.9
0.9
0.9
0.9
0.9
0.9
0.9
0.9
0.9
0.9
0.9
0.9
0.9
0.9
0.9
0.9
0.9
0.9
0.9
0.9
0.9
0.9
0.9
0.9
0.9
0.9
0.9
0.9
0.9
0.9
0.9
0.9
0.9
0.9
0.9
0.9
0.9
0.9
0.9
0.9
0.9
0.9
0.9
0.9
0.9
0.9
0.9
0.9
0.9
0.9
0.9
0.9
0.9
0.9
0.9
0.9
0.9
0.9
0.9
0.9
0.9
0.9
0.9
0.9
0.9
0.9
0.9045
1.1394
1.6227000000001
1.5417000000001
1.4778000000001
1.2177
0.98100000000001
0.9
0.9
0.9
0.9
0.9
0.9
0.9
0.9
0.9
0.9
0.9
0.9
0.9
0.9
0.9
0.9
0.9
0.9
0.9
0.9
0.9
0.8992
0.89219999999998
0.88439999999996
0.87539999999996
1.1209
1.6992000000001
2.1925000000002
2.3174000000002
1.8936000000001
1.3356000000001
0.95400000000001
0.9
0.9
0.9
0.9
0.9
0.9
0.9
0.9
0.9
0.9
0.9
0.9
0.9
0.9
0.9
0.9
0.9
0.9
0.9
0.9
0.88839999999997
0.88229999999996
0.85589999999994
0.77649999999995
0.79130000000002
1.4404000000001
1.9012000000001
0.55040000000019
-0.068999999999876
-0.62830000000002
0.60290000000001
0.86760000000005
0.88860000000001
0.88110000000002
0.88100000000002
0.9
0.9
0.9
0.9
0.9
0.9
0.9
0.9
0.9
0.9
0.9
0.89749999999999
0.88759999999997
0.88189999999996
0.86689999999992
0.8590999999999
0.84639999999988
0.78869999999989
0.72619999999988
0.58889999999992
0.54119999999992
0.91099999999993
1.3015999999999
0.16889999999987
-0.37880000000024
-1.0867000000004
-1.7084000000005
-1.4573000000002
0.65309999999996
0.73590000000012
0.82380000000009
0.86990000000004
0.9
0.9
0.9
0.9
0.9
0.9
0.9
0.9
0.9
0.9
0.9
0.87229999999994
0.83449999999987
0.82329999999987
0.81099999999991
0.78409999999989
0.72569999999988
0.61459999999987
0.47349999999985
0.36669999999981
0.6738999999998
0.83339999999985
-0.25800000000018
-0.3447000000002
-1.2733000000003
-1.4924000000004
-2.3659000000006
-1.8028000000004
0.38989999999987
0.51370000000007
0.68560000000016
0.77790000000011
0.84460000000003
0.89360000000001
0.9
0.9
0.9
0.9
0.9
0.9
0.9
0.9
0.9
0.83469999999994
0.77939999999993
0.75199999999991
0.73039999999991
0.68559999999992
0.54529999999997
0.39809999999989
0.29479999999989
0.43629999999985
0.75459999999998
-0.31989999999999
-0.62579999999998
-1.2941
-1.7923000000002
-0.47280000000028
-1.9702000000003
-2.2058000000003
0.14649999999985
0.39649999999992
0.64410000000004
0.76190000000008
0.82360000000002
0.85490000000003
0.9
0.9
0.9
0.9
0.9
0.9
0.9
0.9
0.9
0.83449999999998
0.75879999999996
0.73040000000001
0.70309999999998
0.6182
0.51790000000003
0.31779999999993
0.34839999999994
0.76790000000008
-0.24069999999965
-0.52699999999968
-1.2314999999998
-1.7081999999999
-0.89099999999997
-0.49330000000015
-0.56620000000021
-0.55860000000023
-0.12200000000018
0.25159999999994
0.64800000000004
0.77830000000009
0.83660000000003
0.84040000000003
0.9
0.9
0.9
0.9
0.9
0.9
0.9
0.8922
0.9
0.86460000000001
0.81509999999997
0.75870000000001
0.70920000000003
0.66900000000001
0.618
0.4149
0.64980000000018
0.20100000000033
-0.29209999999962
-0.82009999999978
-1.3167999999999
-0.46110000000005
-0.28840000000011
-0.35120000000008
-0.35800000000015
-0.39080000000026
-0.1674000000002
0.25479999999994
0.68350000000005
0.82500000000005
0.87390000000003
0.88120000000002
0.9
0.9
0.9
0.9
0.9
0.9
0.9
0.8991
0.9
0.87340000000003
0.84200000000003
0.80780000000002
0.76830000000002
0.71559999999995
0.65119999999991
0.67689999999989
0.16480000000022
-0.35019999999952
-0.42489999999965
-1.1262
-0.9580000000002
-0.030300000000023
-0.098100000000013
-0.12549999999995
-0.16660000000007
-0.12350000000027
0.016999999999698
0.36039999999979
0.73560000000004
0.84820000000006
0.89480000000001
0.9
0.9
0.9
0.9
0.9
0.9
0.9
0.9
0.9
0.9
0.88800000000001
0.86800000000003
0.80370000000004
0.76000000000005
0.64459999999989
0.67099999999993
0.6419
0.54540000000032
-0.19059999999961
-0.68539999999971
-1.0999999999999
0.043799999999986
0.060700000000172
0.29540000000034
0.5673000000004
0.75120000000016
0.72609999999984
0.55589999999965
0.75389999999976
0.73749999999992
0.86680000000004
0.89430000000001
0.9
0.9
0.9
0.9
0.9
0.9
0.9
0.9
0.9
0.9
0.88410000000002
0.86280000000005
0.79750000000007
0.73540000000002
0.57929999999991
0.60589999999999
0.41899999999992
-0.015599999999838
-0.11269999999966
-1.1868999999997
-1.0062999999998
0.24610000000016
0.52880000000046
0.80880000000065
1.0977000000005
1.2143000000002
1.3197999999999
1.5321999999997
1.0621999999997
0.87239999999985
0.8622
0.88300000000002
0.9
0.9
0.9
0.9
0.9
0.9
0.9
0.9
0.9
0.9
0.88410000000002
0.85170000000006
0.80850000000008
0.72219999999992
0.59239999999984
0.72639999999987
0.38739999999994
0.018000000000032
-0.33159999999999
-1.3377
-0.11789999999974
-0.12939999999959
-0.66619999999935
-0.31369999999926
-0.33659999999942
-0.2653999999999
0.98569999999988
1.8564999999997
1.3916999999997
0.89189999999982
0.85749999999995
0.88020000000002
0.9
0.9
0.9
0.9
0.9
0.9
0.9
0.9
0.9
0.9
0.88410000000002
0.84920000000006
0.82580000000007
0.72769999999985
0.62959999999976
0.86159999999972
0.062899999999911
0.23369999999989
-0.8492000000001
-1.2514999999998
-1.1674999999995
-1.1348999999995
-0.97169999999936
-1.1082999999993
-1.2475999999995
-0.96329999999991
-0.50570000000023
1.8474999999997
1.6972999999998
0.9231999999999
0.82849999999999
0.85380000000006
0.8961
0.9
0.9
0.9
0.9
0.9
0.9
0.9
0.9
0.9
0.88500000000002
0.84930000000006
0.79990000000006
0.66909999999986
0.7440999999997
1.1318999999997
-0.099600000000155
0.02839999999988
-1.1419999999999
-1.8238999999996
-1.3250999999994
-1.0189999999994
-0.49199999999938
-0.26259999999948
-1.2667999999998
-1.5576000000001
-0.70550000000018
0.3030999999998
1.5473999999999
0.7753999999999
0.79130000000002
0.83930000000008
0.88400000000002
0.9
0.9
0.9
0.9
0.9
0.9
0.9
0.9
0.9
0.9
0.87080000000004
0.79199999999999
0.65719999999989
0.71549999999964
1.4718999999996
0.0027999999998736
-0.15750000000006
-1.3764999999998
-1.4455999999996
-0.93629999999929
-0.4349999999992
0.64300000000075
0.53640000000062
0.042400000000161
-1.4652000000002
-0.3793000000002
0.10589999999984
1.3033999999998
0.75189999999981
0.84269999999996
0.87120000000004
0.9
0.9
0.9
0.9
0.9
0.9
0.9
0.9
0.9
0.9
0.9
0.89369999999998
0.8216999999999
0.68229999999988
0.71389999999965
1.6170999999996
-0.028200000000198
-0.18159999999992
-1.1453999999997
-1.1259999999995
-0.4165999999993
1.0225000000008
0.40900000000077
0.26460000000058
0.22450000000005
-0.83320000000019
0.063899999999776
0.84449999999982
1.0450999999998
0.76319999999984
0.85389999999997
0.86960000000004
0.9
0.9
0.9
0.9
0.9
0.9
0.9
0.9
0.9
0.9
0.9
0.88809999999997
0.82429999999984
0.64659999999982
0.63779999999957
1.5663999999997
-0.0030000000000054
-0.20849999999971
-0.3951999999996
-0.45119999999956
0.3047000000006
1.3104000000008
1.2844000000008
0.84540000000047
-0.44200000000005
-0.23940000000032
-0.0016000000003613
0.43639999999968
0.82059999999978
0.73659999999987
0.81209999999996
0.85210000000004
0.9
0.9
0.9
0.9
0.9
0.9
0.9
0.9
0.9
0.9
0.9
0.89269999999998
0.80319999999985
0.61579999999979
0.51569999999962
1.2631999999997
-0.091100000000027
-0.1340999999997
-0.27569999999958
1.4060000000006
1.6069000000007
1.8064000000008
1.8215000000006
0.74970000000027
-0.32180000000017
-0.3752000000004
-0.6753000000005
0.83809999999969
0.7513999999998
0.74959999999989
0.83069999999999
0.88490000000002
0.9
0.9
0.9
0.9
0.9
0.9
0.9
0.9
0.9
0.9
0.9
0.88609999999997
0.77819999999985
0.59229999999973
0.3980999999995
0.81889999999965
0.011599999999962
-0.31429999999981
-0.19749999999964
0.42000000000054
1.6025000000005
1.5039000000005
0.36280000000018
-0.40660000000003
-0.97040000000037
-1.0749000000005
0.48629999999955
0.8054999999997
0.69639999999987
0.77909999999997
0.85190000000001
0.88840000000001
0.9
0.9
0.9
0.9
0.9
0.9
0.9
0.9
0.9
0.9
0.9
0.88469999999996
0.77719999999982
0.62429999999978
0.35079999999953
0.33569999999951
0.30349999999982
-0.94469999999993
-0.73869999999975
-0.64669999999971
-0.46729999999977
-0.66269999999995
-1.0212000000002
-1.3612000000004
-1.5944000000005
-0.03520000000045
0.7877999999996
0.69279999999981
0.71699999999997
0.82200000000005
0.87270000000003
0.87630000000003
0.9
0.9
0.9
0.9
0.9
0.9
0.9
0.9
0.9
0.9
0.9
0.88579999999997
0.80769999999983
0.71689999999981
0.48759999999977
0.2228999999996
0.038899999999636
-0.47360000000021
-2.1481000000001
-2.1167000000002
-1.8686000000003
-1.8033000000004
-1.8556000000005
-1.8082000000005
-0.67890000000025
0.67409999999971
0.69409999999977
0.74859999999989
0.78989999999995
0.85919999999995
0.89339999999998
0.9
0.9
0.9
0.9
0.9
0.9
0.9
0.9
0.9
0.9
0.9
0.9
0.8896
0.84959999999996
0.76299999999989
0.62209999999983
0.42569999999985
0.07019999999988
-0.23850000000003
-0.2300000000002
-0.98030000000033
-1.2906000000004
-1.1630000000004
-0.84390000000027
-0.42780000000019
0.57099999999979
0.70709999999981
0.77089999999989
0.82129999999991
0.83859999999994
0.87829999999995
0.87649999999994
0.9
0.9
0.9
0.9
0.9
0.9
0.9
0.9
0.9
0.9
0.9
0.9
0.88640000000002
0.87470000000003
0.85019999999999
0.72369999999989
0.56959999999997
0.29480000000016
0.16130000000022
0.2598
0.42229999999992
0.41619999999993
0.45179999999987
0.60719999999993
0.66499999999994
0.72559999999987
0.77769999999992
0.8399
0.87600000000002
0.8865
0.89769999999999
0.89009999999998
0.9
0.9
0.9
0.9
0.9
0.9
0.9
0.9
0.9
0.9
0.9
0.9
0.9
0.9
0.89330000000001
0.83290000000008
0.74290000000019
0.66500000000029
0.68380000000023
0.78690000000012
0.76050000000015
0.72540000000015
0.75670000000011
0.8193000000001
0.84060000000007
0.87690000000003
0.88600000000002
0.8983
0.8997
0.9
0.9
0.9
0.9
0.9
0.9
0.9
0.9
0.9
0.9
0.9
0.9
0.9
0.9
0.9
0.9
0.899
0.86150000000005
0.80910000000011
0.77600000000015
0.80560000000012
0.83900000000008
0.87090000000004
0.81390000000008
0.78630000000009
0.81720000000009
0.85710000000005
0.88330000000002
0.87480000000003
0.89580000000001
0.9
0.9
0.9
0.9
0.9
0.9
0.9
0.9
0.9
0.9
0.9
0.9
0.9
0.9
0.9
0.9
0.9
0.9
0.88230000000002
0.86460000000004
0.87510000000003
0.89570000000001
0.9
0.9
0.9
0.9
0.9
0.9
0.9
0.9
0.9
0.9
0.9
0.9
0.9
0.9
0.9
0.9
0.9
0.9
0.9
0.9
0.9
0.9
0.9
0.9
0.9
0.9
0.9
0.9
0.9
0.9
0.9
0.9
0.9
0.9
0.9
0.9
0.9
0.9
0.9
0.9
0.9
0.9
0.9
0.9
0.9
0.9
0.9
0.9
0.9
0.9
0.9
0.9
0.9
0.9
0.9
0.9
0.9
0.9
0.9
0.9
0.9
0.9
0.9
0.9
0.9
0.9
0.9
0.9
0.9
0.9
0.9
0.9
0.9
0.9
0.9
0.9
0.9
0.9
0.9
0.9
0.9
0.9
0.9
0.9
0.9
0.9
0.9
0.9
0.9
0.9
0.9
0.9
0.9
0.9
0.9
0.9
0.9
0.9
0.9
0.9
0.9
0.9
0.9
0.9
0.9
0.9
0.9
0.9
0.9
0.9
0.9
0.9
0.9
0.9
0.9
0.9
0.9
0.9
0.9
0.9
0.9
0.9
0.9
0.9
0.9
0.9
0.9
0.9
0.9
0.9
0.9
0.9
0.9
0.9
0.9
0.9
0.9
0.9
0.9
0.9
0.9
0.9
0.9
0.9
0.9
0.9
0.9
0.9
0.9
0.9
0.9
0.9
0.9
0.9
0.9
0.9
0.9
0.9
0.9
0.9
0.9
0.9
0.9
0.9
0.9
0.9
0.9
0.9
0.9
0.9
0.9
0.9
0.9
0.9
0.9
0.9
0.9
0.9
0.9
0.9
0.9
0.9
0.9
0.9
0.9
0.9
0.9
0.9
0.9
0.9
0.9
0.9
0.9
0.9
0.9
0.9
0.9
0.9
0.9
0.9
0.9
0.9
0.9
0.9
0.9
0.9
0.9
0.9
0.9
0.9
0.9
0.9
0.9
0.9
0.9
0.9
0.9
0.9
0.9
0.9
0.9
0.9
0.9
0.9
0.9
0.9
0.9
0.9
0.9
0.8995
0.87340000000003
0.8197000000001
0.82870000000009
0.83580000000008
0.86470000000004
0.89100000000001
0.9
0.9
0.9
0.9
0.9
0.9
0.9
0.9
0.9
0.9
0.9
0.9
0.9
0.9
0.9
0.9
0.9
0.9
0.9
0.9
0.9
0.8992
0.89219999999998
0.88439999999996
0.87239999999996
0.83590000000002
0.78020000000013
0.7305000000002
0.73640000000017
0.78960000000009
0.85160000000005
0.89400000000001
0.9
0.9
0.9
0.9
0.9
0.9
0.9
0.9
0.9
0.9
0.9
0.9
0.9
0.9
0.9
0.9
0.9
0.9
0.9
0.9
0.88839999999997
0.88229999999996
0.85589999999994
0.77649999999995
0.67530000000002
0.5974000000001
0.47920000000015
0.43940000000019
0.55400000000012
0.69669999999998
0.80290000000001
0.84460000000005
0.88860000000001
0.88110000000002
0.88100000000002
0.9
0.9
0.9
0.9
0.9
0.9
0.9
0.9
0.9
0.9
0.9
0.89749999999999
0.88759999999997
0.88189999999996
0.86689999999992
0.8590999999999
0.84639999999988
0.78869999999989
0.72619999999988
0.58889999999992
0.41619999999992
0.20799999999993
0.050599999999873
-0.051100000000127
-0.063800000000235
0.10529999999959
0.30259999999953
0.50469999999978
0.65309999999996
0.73590000000012
0.82380000000009
0.86990000000004
0.9
0.9
0.9
0.9
0.9
0.9
0.9
0.9
0.9
0.9
0.9
0.87229999999994
0.83449999999987
0.82329999999987
0.81099999999991
0.78409999999989
0.72569999999988
0.61459999999987
0.47349999999985
0.36669999999981
0.2188999999998
-0.034600000000151
-0.25900000000018
-0.2737000000002
-0.24630000000035
-0.16440000000044
-0.092900000000588
0.17719999999959
0.38989999999987
0.51370000000007
0.68560000000016
0.77790000000011
0.84460000000003
0.89360000000001
0.9
0.9
0.9
0.9
0.9
0.9
0.9
0.9
0.9
0.64569999999994
-1.1466000000001
-1.5970000000001
-0.89860000000009
-0.95240000000008
-2.5957
-2.7519000000001
-3.1882000000001
-3.2857000000002
-3.5284
-3.9439
-5.9358
-9.4171
-8.7153000000002
-9.0958000000003
-8.0362000000003
-6.7958000000003
-3.4985000000002
0.26149999999992
0.64410000000004
0.76190000000008
0.82360000000002
0.85490000000003
0.9
0.9
0.9
0.9
0.9
0.9
0.9
0.9
0.9
0.28549999999998
-1.1582
-3.2386
-4.7059
-5.8888
-6.3131
-6.5042000000001
-7.0686000000001
-7.5940999999999
-9.7546999999996
-12.039
-15.2295
-18.3262
-19.468
-19.4113
-16.4782
-14.3556
-8.8430000000002
-4.2484000000001
0.64800000000004
0.77830000000009
0.83660000000003
0.84040000000003
0.9
0.9
0.9
0.9
0.9
0.9
0.9
0.1902
0.9
0.86460000000001
0.81509999999997
-2.7693
-4.3128
-4.29
-5.565
-8.4921
-10.4952
-12.038
-15.7451
-17.5211
-18.7158
-17.8671
-19.5754
-20.1152
-17.413
-17.7878
-13.2894
-7.0802000000001
0.58450000000005
0.82500000000005
0.87390000000003
0.88120000000002
0.9
0.9
0.9
0.9
0.9
0.9
0.9
0.8181
0.9
0.87340000000003
0.84200000000003
-1.2352
-1.5447
-2.7494000000001
-8.5048000000001
-9.0711000000001
-12.3672
-14.5572
-14.3389
-13.6532
-10.698
-10.4073
-13.7871
-16.9085
-18.1936
-16.5705
-14.581
-7.4246000000002
-0.40739999999996
0.84820000000006
0.89480000000001
0.9
0.9
0.9
0.9
0.9
0.9
0.9
0.9
0.9
0.9
0.88800000000001
0.86800000000003
-0.26729999999996
-1.832
-6.6364000000001
-10.531
-14.7991
-13.4096
-11.7326
-10.3344
-9.7119999999999
-7.5962
-5.0292999999998
-8.6315999999997
-12.1727
-15.1948
-16.2339
-12.3561
-5.2191000000002
0.098499999999915
0.86680000000004
0.89430000000001
0.9
0.9
0.9
0.9
0.9
0.9
0.9
0.9
0.9
0.9
0.88410000000002
0.86280000000005
-1.3624999999999
-2.9456
-8.4657000000001
-10.5481
-13.084
-12.2736
-9.0506999999997
-6.1328999999997
-4.5012999999998
-1.2818999999998
-2.7401999999995
-10.463199999999
-12.915299999999
-15.9347
-15.2762
-7.9488000000003
-2.7228000000003
0.28539999999985
0.8622
0.88300000000002
0.9
0.9
0.9
0.9
0.9
0.9
0.9
0.9
0.9
0.9
0.88410000000002
0.85170000000006
-1.3514999999999
-3.7598000000001
-6.8596000000002
-6.5206000000001
-7.0626000000001
-4.899
-1.5676
-0.29669999999999
-0.12689999999974
-0.29139999999959
-5.6071999999993
-13.174699999999
-15.820599999999
-15.5694
-9.9133000000001
-4.9875000000003
-1.1343000000003
0.72889999999982
0.85749999999995
0.88020000000002
0.9
0.9
0.9
0.9
0.9
0.9
0.9
0.9
0.9
0.9
0.88410000000002
0.84920000000006
0.14180000000007
-0.46930000000015
-1.8274000000002
-1.3154000000003
-0.031100000000089
0.048699999999893
-0.0082000000000992
-0.038499999999773
-0.26149999999953
-1.6458999999995
-10.638699999999
-15.716299999999
-16.5946
-11.2303
-5.0627000000002
-3.1255000000003
-0.39270000000023
-0.013800000000103
0.081499999999993
0.10680000000006
0.8961
0.9
0.9
0.9
0.9
0.9
0.9
0.9
0.9
0.9
0.88500000000002
0.84930000000006
0.79990000000006
0.66909999999986
0.5140999999997
0.26989999999966
0.081399999999845
-0.015600000000121
0.10400000000011
-0.38389999999962
-1.4370999999994
-6.3669999999994
-15.718999999999
-17.093599999999
-14.4088
-9.7346000000001
-5.5695000000002
-2.8219000000002
-1.7796000000001
-1.4666000000001
-0.94569999999998
-0.15969999999992
0.88400000000002
0.9
0.9
0.9
0.9
0.9
0.9
0.9
0.9
0.9
0.9
0.87080000000004
0.79199999999999
0.65719999999989
0.36949999999964
-0.43710000000037
-0.90720000000013
-1.5635000000001
-1.7234999999998
-2.8505999999996
-5.5842999999993
-12.384999999999
-16.983999999999
-14.842599999999
-10.4106
-6.2882000000002
-4.0033000000002
-1.0331000000002
-0.1036000000002
0.43689999999981
0.84269999999996
0.87120000000004
0.9
0.9
0.9
0.9
0.9
0.9
0.9
0.9
0.9
0.9
0.9
0.89369999999998
0.8216999999999
0.50229999999988
-1.6831000000004
-2.0479000000004
-2.0832000000002
-2.1175999999999
-2.7603999999997
-5.1169999999995
-8.9705999999993
-15.802499999999
-17.383999999999
-12.808399999999
-6.8704999999999
-1.9202000000002
-0.22210000000022
0.30349999999982
0.56709999999975
0.76319999999984
0.85389999999997
0.86960000000004
0.9
0.9
0.9
0.9
0.9
0.9
0.9
0.9
0.9
0.9
0.9
0.88809999999997
0.82429999999984
0.52059999999982
-1.5942000000004
-2.0206000000003
-0.98800000000001
-1.5174999999997
-2.0671999999996
-4.5551999999996
-9.6822999999994
-13.829599999999
-14.991599999999
-10.6126
-3.591
-1.1714000000003
0.13739999999964
0.45939999999968
0.60659999999978
0.73659999999987
0.81209999999996
0.85210000000004
0.9
0.9
0.9
0.9
0.9
0.9
0.9
0.9
0.9
0.9
0.9
0.89269999999998
0.80319999999985
0.61579999999979
-0.27130000000038
-0.5428000000003
-0.14110000000003
-1.9190999999997
-4.0176999999996
-7.4369999999994
-11.184099999999
-12.830599999999
-13.903499999999
-6.9772999999997
-2.4668000000002
-0.3912000000004
0.2926999999995
0.55809999999969
0.6533999999998
0.74959999999989
0.83069999999999
0.88490000000002
0.9
0.9
0.9
0.9
0.9
0.9
0.9
0.9
0.9
0.9
0.9
0.88609999999997
0.77819999999985
0.59229999999973
0.3470999999995
-0.015100000000349
-2.0034
-3.6642999999998
-7.7644999999996
-9.6079999999995
-10.189499999999
-11.5311
-10.2172
-6.1736
-0.72140000000037
0.1790999999995
0.53629999999955
0.6334999999997
0.69639999999987
0.77909999999997
0.85190000000001
0.88840000000001
0.9
0.9
0.9
0.9
0.9
0.9
0.9
0.9
0.9
0.9
0.9
0.88469999999996
0.77719999999982
0.62429999999978
0.35079999999953
-0.44230000000049
-3.7945000000002
-6.6166999999999
-9.2106999999998
-9.9116999999997
-9.9902999999998
-10.2997
-7.5112000000002
-4.2892000000004
-0.13840000000048
0.40179999999955
0.5887999999996
0.67079999999981
0.71699999999997
0.82200000000005
0.87270000000003
0.87630000000003
0.9
0.9
0.9
0.9
0.9
0.9
0.9
0.9
0.9
0.9
0.9
0.88579999999997
0.80769999999983
0.71689999999981
0.48759999999977
-0.7721000000004
-5.8891000000004
-9.5966000000002
-9.3391000000001
-6.7707000000002
-8.5186000000003
-8.7113000000004
-5.3876000000005
-2.7002000000005
0.16309999999975
0.55409999999971
0.67509999999977
0.74859999999989
0.78989999999995
0.85919999999995
0.89339999999998
0.9
0.9
0.9
0.9
0.9
0.9
0.9
0.9
0.9
0.9
0.9
0.9
0.8896
0.84959999999996
0.76299999999989
0.61309999999983
-2.1483000000002
-7.3548000000001
-8.9145
-4.8200000000002
-5.0573000000003
-8.0946000000004
-7.2140000000004
-3.6989000000003
-2.8218000000002
-0.30200000000021
0.70709999999981
0.77089999999989
0.82129999999991
0.83859999999994
0.87829999999995
0.87649999999994
0.9
0.9
0.9
0.9
0.9
0.9
0.9
0.9
0.9
0.9
0.9
0.9
0.88640000000002
0.87470000000003
0.85019999999999
-0.67130000000011
-4.7134
-7.8591999999998
-5.6166999999998
-1.5852
-4.9507000000001
-8.3318000000001
-6.6402000000001
-2.0928000000001
-2.5120000000001
0.20359999999987
0.77769999999992
0.8399
0.87600000000002
0.8865
0.89769999999999
0.89009999999998
0.9
0.9
0.9
0.9
0.9
0.9
0.9
0.9
0.9
0.9
0.9
0.9
0.9
0.9
0.56030000000001
-3.1090999999999
-7.1140999999998
-5.1759999999997
-1.3681999999998
0.21090000000012
-5.2964999999998
-8.3915999999999
-7.2802999999999
-3.5636999999999
-2.1923999999999
0.78690000000003
0.88600000000002
0.8983
0.8997
0.9
0.9
0.9
0.9
0.9
0.9
0.9
0.9
0.9
0.9
0.9
0.9
0.9
0.9
0.9
0.9
0.845
-1.1635
-5.3828999999999
-4.0209999999998
-1.9033999999999
0.12800000000008
0.87090000000004
-4.7840999999999
-7.9166999999999
-5.2667999999999
-2.5898999999999
0.70330000000002
0.87480000000003
0.89580000000001
0.9
0.9
0.9
0.9
0.9
0.9
0.9
0.9
0.9
0.9
0.9
0.9
0.9
0.9
0.9
0.9
0.9
0.9
-0.71069999999998
-2.3214
-1.3659
0.50870000000001
0.9
0.9
0.9
0.9
0.9
0.9
0.9
0.9
0.9
0.9
0.9
0.9
0.9
0.9
0.9
0.9
0.9
0.9
0.9
0.9
0.9
0.9
0.9
0.9
0.9
0.9
0.9
0.9
0.9
0.9
0.9
0.9
0.9
0.9
0.9
0.9
0.9
0.9
0.9
0.9
0.9
0.9
0.9
0.9
0.9
0.9
0.9
0.9
0.9
0.9
0.9
0.9
0.9
0.9
0.9
0.9
0.9
0.9
0.9
0.9
0.9
0.9
0.9
0.9
0.9
0.9
0.9
0.9
0.9
0.9
0.9
0.9
0.9
0.9
0.9
0.9
0.9
0.9
0.9
0.9
0.9
0.9
0.9
0.9
0.9
0.9
0.9
0.9
0.9
0.9
0.9
0.9
0.9
0.9
0.9
0.9
0.9
0.9
0.9
0.9
0.9
0.9
0.9
0.9
0.9
0.9
0.9
0.9
0.9
0.9
0.9
0.9
0.9
0.9
0.9
0.9
0.9
0.9
0.9
0.9
0.9
0.9
0.9
0.9
0.9
0.9
0.9
0.9
0.9
0.9
0.9
0.9
0.9
0.9
0.9
0.9
0.9
0.9
0.9
0.9
0.9
0.9
0.9
0.9
0.9
0.9
0.9
0.9
0.9
0.9
0.9
0.9
0.9
0.9
0.9
0.9
0.9
0.9
0.9
0.9
0.9
0.9
0.9
0.9
0.9
0.9
0.9
0.9
0.9
0.9
0.9
0.9
0.9
0.9
0.9
0.9
0.9
0.9
0.9
0.9
0.9
0.9
0.9
0.9
0.9
0.9
0.9
0.9
0.9
0.9
0.9
0.9
0.9
0.9
0.9
0.9
0.9
0.9
0.9
0.9
0.9
0.9
0.9
0.9
0.9
0.9
0.9
0.9
0.9
0.9
0.9
0.9
0.9
0.9
0.9
0.9
0.9
0.9
0.9
0.9
0.9
0.9
0.9
0.9
0.9
0.9
0.9
0.9
0.9
0.8995
0.87340000000003
0.8197000000001
0.82870000000009
0.83580000000008
0.86470000000004
0.89100000000001
0.9
0.9
0.9
0.9
0.9
0.9
0.9
0.9
0.9
0.9
0.9
0.9
0.9
0.9
0.9
0.9
0.9
0.9
0.9
0.9
0.9
0.8992
0.89219999999998
0.88439999999996
0.87239999999996
0.83590000000002
0.78020000000013
0.7305000000002
0.73640000000017
0.78960000000009
0.85160000000005
0.89400000000001
0.9
0.9
0.9
0.9
0.9
0.9
0.9
0.9
0.9
0.9
0.9
0.9
0.9
0.9
0.9
0.9
0.9
0.9
0.9
0.9
0.88839999999997
0.88229999999996
0.85589999999994
0.77649999999995
0.67530000000002
0.5974000000001
0.47920000000015
0.43940000000019
0.55400000000012
0.69669999999998
-0.24109999999999
-1.3514
-0.13739999999999
0.88110000000002
0.88100000000002
0.9
0.9
0.9
0.9
0.9
0.9
0.9
0.9
0.9
0.9
0.9
0.89749999999999
0.88759999999997
0.88189999999996
0.86689999999992
0.8590999999999
0.84639999999988
0.78869999999989
0.72619999999988
0.58889999999992
-0.41180000000008
-3.6980000000001
-6.1954000000001
-7.8541000000001
-8.5058000000002
-6.8697000000004
-3.5404000000005
-2.6363000000002
-5.2059
-5.6810999999999
-0.76919999999991
0.84290000000004
0.9
0.9
0.9
0.9
0.9
0.9
0.9
0.9
0.9
0.9
0.9
0.87229999999994
0.83449999999987
0.82329999999987
0.81099999999991
0.78409999999989
0.72569999999988
0.61459999999987
0.47349999999985
0.18669999999981
-2.9671000000002
-8.7646000000002
-13.84
-15.1867
-14.6913
-14.0514
-12.593900000001
-8.9218000000004
-8.9701000000001
-8.5582999999999
-4.0483999999998
-1.1480999999999
0.79060000000003
0.89360000000001
0.9
0.9
0.9
0.9
0.9
0.9
0.9
0.9
0.9
0.83469999999994
0.77939999999993
0.75199999999991
0.73039999999991
0.68559999999992
0.54529999999997
0.39809999999989
-0.29920000000011
-4.3747000000002
-11.5294
-16.1749
-16.5468
-15.9511
-13.0083
-12.3358
-14.1562
-14.5988
-14.0825
-9.8815000000001
-2.9379
-1.4700999999999
0.72460000000002
0.85490000000003
0.9
0.9
0.9
0.9
0.9
0.9
0.9
0.9
0.9
0.83449999999998
0.75879999999996
0.73040000000001
0.70309999999998
0.6182
0.47290000000003
-1.7252000000001
-6.3306000000001
-13.5251
-16.0637
-15.387
-11.6385
-9.7581999999999
-7.417
-7.1083000000002
-11.8702
-14.8056
-15.899
-9.6394000000001
-2.718
0.031300000000089
0.83660000000003
0.84040000000003
0.9
0.9
0.9
0.9
0.9
0.9
0.9
0.8922
0.9
0.86460000000001
0.81509999999997
0.75870000000001
0.70920000000003
0.66900000000001
-0.849
-4.2351
-10.9542
-13.856
-10.8221
-5.6950999999998
-5.2067999999999
-4.9611000000001
-4.1314000000001
-7.8302000000001
-12.418
-16.1228
-14.9814
-7.8722000000001
-2.2505
-0.70499999999995
0.87390000000003
0.88120000000002
0.9
0.9
0.9
0.9
0.9
0.9
0.9
0.8991
0.9
0.87340000000003
0.84200000000003
0.80780000000002
0.76830000000002
0.29259999999995
-1.6288000000001
-4.8501000000001
-9.7571999999998
-12.4602
-7.6698999999997
-4.3652
-2.2830000000002
-2.2803
-4.4091
-10.6355
-16.5376
-15.7065
-11.269
-2.6996000000002
-1.5234
0.038200000000064
0.89480000000001
0.9
0.9
0.9
0.9
0.9
0.9
0.9
0.9
0.9
0.9
0.88800000000001
0.86800000000003
0.80370000000004
0.76000000000005
0.28459999999989
-1.7020000000001
-4.0621
-7.6045999999997
-11.0846
-11.4954
-8.5959999999999
-4.2302
-5.2542999999998
-11.0256
-16.5107
-16.6078
-11.0949
-5.4351000000004
-1.6371000000002
-0.18950000000008
0.86680000000004
0.89430000000001
0.9
0.9
0.9
0.9
0.9
0.9
0.9
0.9
0.9
0.9
0.88410000000002
0.86280000000005
0.79750000000007
0.73540000000002
0.57929999999991
-0.81010000000001
-2.9590000000001
-6.4775999999998
-10.7967
-12.0279
-12.5743
-8.1218999999998
-12.3162
-16.700199999999
-16.470299999999
-11.2277
-5.3132000000001
-0.18180000000033
0.48119999999972
0.74439999999985
0.8622
0.88300000000002
0.9
0.9
0.9
0.9
0.9
0.9
0.9
0.9
0.9
0.9
0.88410000000002
0.85170000000006
0.80850000000008
0.72219999999992
0.57439999999984
0.39139999999987
-0.22260000000006
-2.595
-8.4526
-12.7257
-15.4179
-14.4394
-17.181199999999
-16.036699999999
-11.158599999999
-4.8683999999999
-0.70630000000012
0.25049999999971
0.50369999999967
0.72889999999982
0.85749999999995
0.88020000000002
0.9
0.9
0.9
0.9
0.9
0.9
0.9
0.9
0.9
0.9
0.88410000000002
0.84920000000006
0.82580000000007
0.72769999999985
0.57559999999976
0.39459999999972
0.18489999999991
-0.068300000000107
-4.1122000000001
-14.4835
-18.3965
-18.457899999999
-16.956699999999
-12.899299999999
-4.2735999999995
-0.70929999999991
0.16629999999977
0.24049999999974
0.48929999999977
0.7331999999999
0.82849999999999
0.85380000000006
0.8961
0.9
0.9
0.9
0.9
0.9
0.9
0.9
0.9
0.9
0.88500000000002
0.84930000000006
0.79990000000006
0.66909999999986
0.5140999999997
0.26989999999966
-0.21560000000016
-1.2486000000001
-6.3669999999999
-12.6059
-16.476099999999
-16.941999999999
-15.205999999999
-7.7785999999995
-1.2507999999998
0.039399999999925
0.091499999999816
0.2110999999998
0.50639999999992
0.7113999999999
0.79130000000002
0.83930000000008
0.88400000000002
0.9
0.9
0.9
0.9
0.9
0.9
0.9
0.9
0.9
0.9
0.87080000000004
0.79199999999999
0.65719999999989
0.46849999999964
-0.23010000000037
-2.2302000000001
-5.7485000000001
-11.2275
-13.9926
-14.332299999999
-13.905999999999
-14.706999999999
-9.4335999999994
-1.9415999999998
0.065799999999832
0.055699999999796
0.25389999999984
0.5173999999998
0.75189999999981
0.84269999999996
0.87120000000004
0.9
0.9
0.9
0.9
0.9
0.9
0.9
0.9
0.9
0.9
0.9
0.89369999999998
0.8216999999999
0.68229999999988
-0.018100000000351
-2.0389000000004
-3.9822000000002
-10.7576
-13.8214
-13.136
-9.7805999999993
-11.068499999999
-13.162999999999
-11.080399999999
-4.1704999999999
-0.03920000000019
0.056899999999776
0.30349999999982
0.56709999999975
0.76319999999984
0.85389999999997
0.86960000000004
0.9
0.9
0.9
0.9
0.9
0.9
0.9
0.9
0.9
0.9
0.9
0.88809999999997
0.82429999999984
0.64659999999982
-1.5492000000004
-3.2356000000003
-9.52
-13.7125
-12.5162
-7.2461999999996
-6.9192999999994
-8.4655999999992
-10.761599999999
-11.4046
-5.301
-0.38840000000032
0.13739999999964
0.45939999999968
0.60659999999978
0.73659999999987
0.81209999999996
0.85210000000004
0.9
0.9
0.9
0.9
0.9
0.9
0.9
0.9
0.9
0.9
0.9
0.89269999999998
0.80319999999985
-0.21220000000021
-2.4403000000004
-7.0228000000003
-11.4451
-12.4311
-8.4366999999996
-4.2689999999994
-4.9380999999993
-8.6815999999992
-10.249499999999
-9.7132999999997
-5.0858000000002
-1.0212000000004
0.2926999999995
0.55809999999969
0.6533999999998
0.74959999999989
0.83069999999999
0.88490000000002
0.9
0.9
0.9
0.9
0.9
0.9
0.9
0.9
0.9
0.9
0.9
0.88609999999997
0.42719999999985
-1.4057000000003
-3.5589000000005
-9.7891000000003
-12.8844
-10.1893
-5.4964999999996
-3.7939999999995
-5.5544999999995
-9.3350999999995
-12.0892
-7.1276
-2.5124000000004
-0.9549000000005
0.53629999999955
0.6334999999997
0.69639999999987
0.77909999999997
0.85190000000001
0.88840000000001
0.9
0.9
0.9
0.9
0.9
0.9
0.9
0.9
0.9
0.9
0.9
0.88469999999996
0.29119999999982
-1.5627000000002
-4.7432000000005
-12.5743
-13.1635
-9.9646999999999
-3.9186999999998
-5.6186999999997
-7.8482999999998
-12.6667
-10.7062
-4.5502000000004
-2.1454000000005
-0.73220000000045
0.5887999999996
0.67079999999981
0.71699999999997
0.82200000000005
0.87270000000003
0.87630000000003
0.9
0.9
0.9
0.9
0.9
0.9
0.9
0.9
0.9
0.9
0.9
0.88579999999997
-0.25430000000017
-1.6681000000002
-7.0724000000002
-14.3621
-14.0161
-12.6296
-9.4021000000001
-10.8567
-11.2906
-11.7083
-6.7916000000005
-1.9172000000005
-1.9519000000003
-0.35490000000029
0.67509999999977
0.74859999999989
0.78989999999995
0.85919999999995
0.89339999999998
0.9
0.9
0.9
0.9
0.9
0.9
0.9
0.9
0.9
0.9
0.9
0.9
0.8896
0.45359999999996
-1.5050000000001
-6.8659000000002
-13.2723
-14.2938
-16.6995
-16.466
-14.8133
-12.5586
-7.6280000000004
-2.8979000000003
-1.7418000000002
-0.59900000000021
0.70709999999981
0.77089999999989
0.82129999999991
0.83859999999994
0.87829999999995
0.87649999999994
0.9
0.9
0.9
0.9
0.9
0.9
0.9
0.9
0.9
0.9
0.9
0.9
0.88640000000002
0.87470000000003
0.44519999999999
-3.1553000000001
-8.7544
-13.1782
-13.5637
-12.6372
-7.7857000000001
-5.3618000000001
-3.2202000000001
-0.97680000000007
0.32299999999994
0.72559999999987
0.77769999999992
0.8399
0.87600000000002
0.8865
0.89769999999999
0.89009999999998
0.9
0.9
0.9
0.9
0.9
0.9
0.9
0.9
0.9
0.9
0.9
0.9
0.9
0.9
0.89330000000001
0.69790000000008
-1.5340999999998
-1.6119999999997
-1.5931999999998
-1.3280999999999
-0.40049999999985
0.32040000000015
0.73870000000011
0.8193000000001
0.84060000000007
0.87690000000003
0.88600000000002
0.8983
0.8997
0.9
0.9
0.9
0.9
0.9
0.9
0.9
0.9
0.9
0.9
0.9
0.9
0.9
0.9
0.9
0.9
0.899
0.86150000000005
0.80910000000011
0.77600000000015
0.80560000000012
0.83900000000008
0.87090000000004
0.81390000000008
0.78630000000009
0.81720000000009
0.85710000000005
0.88330000000002
0.87480000000003
0.89580000000001
0.9
0.9
0.9
0.9
0.9
0.9
0.9
0.9
0.9
0.9
0.9
0.9
0.9
0.9
0.9
0.9
0.9
0.9
0.88230000000002
0.86460000000004
0.87510000000003
0.89570000000001
0.9
0.9
0.9
0.9
0.9
0.9
0.9
0.9
0.9
0.9
0.9
0.9
0.9
0.9
0.9
0.9
0.9
0.9
0.9
0.9
0.9
0.9
0.9
0.9
0.9
0.9
0.9
0.9
0.9
0.9
0.9
0.9
0.9
0.9
0.9
0.9
0.9
0.9
0.9
0.9
0.9
0.9
0.9
0.9
0.9
0.9
0.9
0.9
0.9
0.9
0.9
0.9
0.9
0.9
0.9
0.9
0.9
0.9
0.9
0.9
0.9
0.9
0.9
0.9
0.9
0.9
0.9
0.9
0.9
0.9
0.9
0.9
0.9
0.9
0.9
0.9
0.9
0.9
0.9
0.9
0.9
0.9
0.9
0.9
0.9
0.9
0.9
0.9
0.9
0.9
0.9
0.9
0.9
0.9
0.9
0.9
0.9
0.9
0.9
0.9
0.9
0.9
0.9
0.9
0.9
0.9
0.9
0.9
0.9
0.9
0.9
0.9
0.9
0.9
0.9
0.9
0.9
0.9
0.9
0.9
0.9
0.9
0.9
0.9
0.9
0.9
0.9
0.9
0.9
0.9
0.9
0.9
0.9
0.9
0.9
0.9
0.9
0.9
0.9
0.9
0.9
0.9
0.9
0.9
0.9
0.9
0.9
0.9
0.9
0.9
0.9
0.9
0.9
0.9
0.9
0.9
0.9
0.9
0.9
0.9
0.9
0.9
0.9
0.9
0.9
0.9
0.9
0.9
0.9
0.9
0.9
0.9
0.9
0.9
0.9
0.9
0.9
0.9
0.9
0.9
0.9
0.9
0.9
0.9
0.9
0.9
0.9
0.9
0.9
0.9
0.9
0.9
0.9
0.9
0.9
0.9
0.9
0.9
0.9
0.9
0.9
0.9
0.9
0.9
0.9
0.9
0.9
0.9
0.9
0.9
0.9
0.9
0.9
0.9
0.9
0.9
0.9
0.9
0.9
0.9
0.9
0.9
0.9
0.9
0.9
0.9
0.9
0.9
0.9
0.8995
0.87340000000003
0.8197000000001
0.82870000000009
0.83580000000008
0.86470000000004
0.89100000000001
0.9
0.9
0.9
0.9
0.9
0.9
0.9
0.9
0.9
0.9
0.9
0.9
0.9
0.9
0.9
0.9
0.9
0.9
0.9
0.9
0.9
0.8992
0.89219999999998
0.88439999999996
0.87239999999996
0.83590000000002
0.78020000000013
0.7305000000002
0.73640000000017
0.78960000000009
0.85160000000005
0.89400000000001
0.9
0.9
0.9
0.9
0.9
0.9
0.9
0.9
0.9
0.9
0.9
0.9
0.9
0.9
0.9
0.9
0.9
0.9
0.9
0.9
0.88839999999997
0.88229999999996
0.72089999999994
-0.46550000000005
-1.1337
-1.6795999999999
-1.8157999999999
-1.6485999999998
-0.40899999999988
0.65169999999998
0.80290000000001
0.84460000000005
0.88860000000001
0.88110000000002
0.88100000000002
0.9
0.9
0.9
0.9
0.9
0.9
0.9
0.9
0.9
0.9
0.9
0.89749999999999
0.88759999999997
0.88189999999996
0.86689999999992
0.8590999999999
0.84639999999988
0.78869999999989
0.14119999999988
-3.2631000000001
-4.1468000000001
-3.6080000000001
-1.9744000000001
-1.9141000000001
-1.9898000000002
-2.1627000000004
-0.76840000000047
0.50469999999978
0.65309999999996
0.73590000000012
0.82380000000009
0.86990000000004
0.9
0.9
0.9
0.9
0.9
0.9
0.9
0.9
0.9
0.9
0.9
0.87229999999994
0.83449999999987
0.82329999999987
0.81099999999991
0.78409999999989
0.72569999999988
0.18259999999987
-2.8925000000001
-4.1873000000002
-4.1011000000002
-3.3826000000002
-2.7160000000002
-2.8387000000002
-3.9363000000003
-6.5184000000004
-5.4479000000006
-1.5058000000004
0.38989999999987
0.51370000000007
0.68560000000016
0.77790000000011
0.84460000000003
0.89360000000001
0.9
0.9
0.9
0.9
0.9
0.9
0.9
0.9
0.9
0.83469999999994
0.77939999999993
0.75199999999991
0.73039999999991
0.68559999999992
0.54529999999997
-1.4109000000001
-5.3932000000001
-6.3187000000002
-5.5714
-9.6769
-13.3948
-12.5841
-13.2333
-12.1708
-10.2662
-9.7738000000003
-2.1935000000002
-0.80950000000008
-0.97589999999996
0.24890000000008
0.82360000000002
0.85490000000003
0.9
0.9
0.9
0.9
0.9
0.9
0.9
0.9
0.9
0.83449999999998
0.75879999999996
0.73040000000001
0.70309999999998
0.6182
-0.94909999999997
-3.9572000000001
-7.1406000000001
-8.9440999999999
-12.6587
-15.272
-17.6945
-12.0162
-8.785
-10.2933
-12.1132
-14.7366
-10.364
-4.3474000000001
-1.629
-0.27469999999991
0.83660000000003
0.84040000000003
0.9
0.9
0.9
0.9
0.9
0.9
0.9
0.8922
0.9
0.86460000000001
0.81509999999997
0.75870000000001
0.24120000000003
-0.84299999999999
-1.65
-5.0451
-10.5012
-13.11
-12.0591
-12.8931
-8.7577999999999
-4.0911000000001
-3.2054000000001
-7.4612000000001
-13.49
-14.9698
-11.3344
-5.2532000000001
-0.96349999999995
0.77100000000005
0.87390000000003
0.88120000000002
0.9
0.9
0.9
0.9
0.9
0.9
0.9
0.8991
0.9
0.87340000000003
0.84200000000003
0.80780000000002
-0.77069999999998
-1.5614000000001
-0.40480000000009
-5.1801000000001
-12.2812
-14.0442
-11.5709
-4.6192
-2.4620000000002
-2.1273
-2.5591
-9.5575
-13.4856
-14.6615
-9.2410000000003
-4.2566000000002
0.66360000000004
0.84820000000006
0.89480000000001
0.9
0.9
0.9
0.9
0.9
0.9
0.9
0.9
0.9
0.9
0.88800000000001
0.86800000000003
0.80370000000004
-1.472
-1.7404000000001
-2.6560000000001
-7.1851
-12.5446
-14.0546
-9.8393999999997
-5.1359999999999
-3.9422
-3.9852999999998
-8.1425999999997
-15.9227
-16.4258
-11.4659
-7.6311000000004
-1.2951000000002
0.73749999999992
0.86680000000004
0.89430000000001
0.9
0.9
0.9
0.9
0.9
0.9
0.9
0.9
0.9
0.9
0.88410000000002
0.86280000000005
0.79750000000007
-1.0736
-3.2727000000001
-7.0291
-6.5280000000001
-6.9545999999998
-11.1747
-8.6788999999997
-8.2582999999998
-7.8438999999998
-12.3362
-17.130199999999
-17.512299999999
-13.7887
-8.9292000000001
-2.7108000000003
0.40919999999972
0.74439999999985
0.8622
0.88300000000002
0.9
0.9
0.9
0.9
0.9
0.9
0.9
0.9
0.9
0.9
0.88410000000002
0.85170000000006
0.80850000000008
0.41619999999992
-4.4476000000002
-8.5636000000001
-6.7096000000001
-5.486
-6.1776
-6.3447
-9.0798999999997
-12.6544
-15.105199999999
-17.304699999999
-14.843599999999
-9.9093999999999
-5.1163000000001
-1.8645000000003
0.50369999999967
0.72889999999982
0.85749999999995
0.88020000000002
0.9
0.9
0.9
0.9
0.9
0.9
0.9
0.9
0.9
0.9
0.88410000000002
0.84920000000006
0.82580000000007
0.52969999999985
-4.4014000000002
-7.9844000000003
-6.8161000000001
-6.0553000000001
-4.9492000000001
-6.3874999999998
-7.4944999999995
-8.1758999999995
-11.465699999999
-17.274299999999
-12.6006
-6.7722999999999
-2.2457000000002
-1.8385000000003
0.48929999999977
0.7331999999999
0.82849999999999
0.85380000000006
0.8961
0.9
0.9
0.9
0.9
0.9
0.9
0.9
0.9
0.9
0.88500000000002
0.84930000000006
0.79990000000006
0.52509999999986
-2.3119000000003
-7.2541000000003
-9.5886000000002
-10.2126
-6.8599999999999
-5.9158999999996
-5.4280999999994
-6.1259999999994
-12.380999999999
-17.040599999999
-10.4408
-2.4606000000001
-1.3215000000002
-1.8589000000002
0.50639999999992
0.7113999999999
0.79130000000002
0.83930000000008
0.88400000000002
0.9
0.9
0.9
0.9
0.9
0.9
0.9
0.9
0.9
0.9
0.87080000000004
0.79199999999999
0.65719999999989
-0.26050000000036
-4.3881000000004
-8.6652000000001
-9.6595000000001
-7.4224999999998
-5.7775999999996
-5.1332999999993
-8.3329999999992
-12.880999999999
-15.155599999999
-8.0975999999998
-0.71720000000017
-0.9883000000002
-1.8791000000002
0.2923999999998
0.75189999999981
0.84269999999996
0.87120000000004
0.9
0.9
0.9
0.9
0.9
0.9
0.9
0.9
0.9
0.9
0.9
0.89369999999998
0.8216999999999
0.68229999999988
0.41389999999965
-0.96790000000035
-2.2902000000002
-2.2525999999999
-3.7323999999997
-3.6409999999995
-4.5975999999993
-10.740499999999
-14.860999999999
-10.580399999999
-5.5924999999999
-0.11120000000019
-0.98710000000022
-1.8025000000002
0.41409999999975
0.76319999999984
0.85389999999997
0.86960000000004
0.9
0.9
0.9
0.9
0.9
0.9
0.9
0.9
0.9
0.9
0.9
0.88809999999997
0.82429999999984
0.64659999999982
0.36779999999957
-0.66160000000032
-2.041
-0.83349999999971
-0.2401999999996
-0.82019999999956
-5.2012999999994
-12.662599999999
-12.353599999999
-6.8295999999995
-2.952
-0.62240000000032
-1.8426000000004
-1.7096000000003
0.22859999999978
0.73659999999987
0.81209999999996
0.85210000000004
0.9
0.9
0.9
0.9
0.9
0.9
0.9
0.9
0.9
0.9
0.9
0.89269999999998
0.80319999999985
0.61579999999979
0.39469999999962
-0.5608000000003
-2.0851
-2.0900999999997
-0.60669999999958
-2.5719999999994
-7.8670999999993
-13.092599999999
-9.2584999999994
-3.4132999999997
-2.7458000000002
-3.0912000000004
-1.9843000000005
-1.4309000000003
0.6533999999998
0.74959999999989
0.83069999999999
0.88490000000002
0.9
0.9
0.9
0.9
0.9
0.9
0.9
0.9
0.9
0.9
0.9
0.88609999999997
0.77819999999985
0.59229999999973
0.3470999999995
-0.14110000000035
-1.9224
-2.3592999999998
-4.0954999999996
-7.4249999999995
-10.071499999999
-11.5691
-7.3121999999998
-2.5466
-3.7364000000004
-3.0609000000005
-1.5427000000004
0.2554999999997
0.69639999999987
0.77909999999997
0.85190000000001
0.88840000000001
0.9
0.9
0.9
0.9
0.9
0.9
0.9
0.9
0.9
0.9
0.9
0.88469999999996
0.77719999999982
0.62429999999978
0.35079999999953
0.12469999999951
-0.88750000000018
-4.0246999999999
-7.9596999999998
-13.0337
-13.2443
-9.7587
-7.0072000000002
-3.5242000000004
-4.4314000000005
-2.6132000000004
-0.5902000000004
0.67079999999981
0.71699999999997
0.82200000000005
0.87270000000003
0.87630000000003
0.9
0.9
0.9
0.9
0.9
0.9
0.9
0.9
0.9
0.9
0.9
0.88579999999997
0.80769999999983
0.71689999999981
0.48759999999977
0.2178999999996
-0.52510000000036
-4.2006000000002
-11.5201
-12.6207
-12.4346
-10.6093
-5.7476000000005
-3.7712000000005
-4.2199000000003
-1.4889000000003
0.48609999999977
0.74859999999989
0.78989999999995
0.85919999999995
0.89339999999998
0.9
0.9
0.9
0.9
0.9
0.9
0.9
0.9
0.9
0.9
0.9
0.9
0.8896
0.84959999999996
0.76299999999989
0.62209999999983
0.065699999999845
-2.0848000000001
-5.6835
-7.9740000000002
-8.3203000000003
-8.3556000000004
-9.3290000000004
-5.9669000000003
-3.3798000000002
-1.7420000000002
0.49109999999981
0.77089999999989
0.82129999999991
0.83859999999994
0.87829999999995
0.87649999999994
0.9
0.9
0.9
0.9
0.9
0.9
0.9
0.9
0.9
0.9
0.9
0.9
0.88640000000002
0.87470000000003
0.85019999999999
0.58869999999989
-1.2934
-2.7961999999998
-7.4706999999998
-7.3392
-4.8827000000001
-4.1468000000001
-2.9052000000001
-3.8748000000001
-3.3220000000001
-0.67840000000013
0.77769999999992
0.8399
0.87600000000002
0.8865
0.89769999999999
0.89009999999998
0.9
0.9
0.9
0.9
0.9
0.9
0.9
0.9
0.9
0.9
0.9
0.9
0.9
0.9
0.62330000000001
-1.1290999999999
-1.8510999999998
-2.8799999999997
-6.3191999999998
-4.3150999999999
-2.4884999999998
-2.8295999999999
-1.6462999999999
-2.0156999999999
-1.4273999999999
-0.65309999999997
0.78700000000002
0.8983
0.8997
0.9
0.9
0.9
0.9
0.9
0.9
0.9
0.9
0.9
0.9
0.9
0.9
0.9
0.9
0.9
0.9
0.863
-0.57849999999995
-0.63989999999989
-1.7409999999998
-1.1903999999999
-1.5399999999999
-1.5481
-1.3370999999999
-0.74369999999991
-0.55079999999991
0.44310000000005
-0.43969999999998
-1.3932
0.51780000000001
0.9
0.9
0.9
0.9
0.9
0.9
0.9
0.9
0.9
0.9
0.9
0.9
0.9
0.9
0.9
0.9
0.9
0.9
0.88230000000002
0.86460000000004
0.87510000000003
0.89570000000001
0.9
0.9
0.9
0.9
0.9
0.9
0.9
0.9
0.9
0.9
0.9
0.9
0.9
0.9
0.9
0.9
0.9
0.9
0.9
0.9
0.9
0.9
0.9
0.9
0.9
0.9
0.9
0.9
0.9
0.9
0.9
0.9
0.9
0.9
0.9
0.9
0.9
0.9
0.9
0.9
0.9
0.9
0.9
0.9
0.9
0.9
0.9
0.9
0.9
0.9
0.9
0.9
0.9
0.9
0.9
0.9
0.9
0.9
0.9
0.9
0.9
0.9
0.9
0.9
0.9
0.9
0.9
0.9
0.9
0.9
0.9
0.9
0.9
0.9
0.9
0.9
0.9
0.9
0.9
0.9
0.9
0.9
0.9
0.9
0.9
1.463
0.894
0.836
0.851
0.791
0.845
0.891
0.8
0.818
0.811
