0.13681408432292
0.2897397013543
9.8942807078217
0.35835717033415
1.8462193333041
5.5662946856458
0.27268616480319
0.012712922359613
0.00010676742207643
0.00012105280971997
0.00039756679014477
0.021219778944396
6.7476565292568e-05
7.3079606792353e-05
0.029710454231604
0.00026599863762612
0.00060564516542954
0.0019277928714893
0.028797711545951
0.00013928676749593
0.00020365154732818
0.0029670774492778
0.020669308848654
0.00067685098700099
0.0014369069704155
0.012667173160569
0.0048915401984923
0
0
0
0
0
0
0
0
0
0
0
0
0
0
0
0
0
0
0
0
0
0
0
0
0
0
0
0
0
0
0
0
0
0
0
0
0
0
0
0
0
0
0
0
0
0
0
0
0
0
0
0
0
0
0
0
0
0
0
0
0
0
0
0
0
0
0
0
0
0
0
0
0
